chr1_2	996059	996059	1.54589e+06	1.552	1.552
chr1_4	1143496	1143496	1.3714e+06	1.1993	1.1993
chr1_5	1000000	1000000	947747	0.947747	0.947747
chr1_6	1000000	1000000	836642	0.836642	0.836642
chr1_7	1000000	1000000	1.32346e+06	1.32346	1.32346
chr1_8	1000000	1000000	1.00619e+06	1.00619	1.00619
chr1_9	999999	999999	1.31222e+06	1.31222	1.31222
chr1_10	999999	999999	1.48228e+06	1.48228	1.48228
chr1_11	999999	999999	1.22503e+06	1.22504	1.22504
chr1_12	1000000	1000000	1.3132e+06	1.3132	1.3132
chr1_13	954153	954153	810127	0.849054	0.849054
chr1_15	1000001	1000001	1.21269e+06	1.21269	1.21269
chr1_16	999999	999999	1.39163e+06	1.39163	1.39163
chr1_17	1000000	1000000	955466	0.955466	0.955466
chr1_18	999999	999999	1.10841e+06	1.10841	1.10841
chr1_19	1000000	1000000	1.05775e+06	1.05775	1.05775
chr1_20	999999	999999	1.20736e+06	1.20736	1.20736
chr1_21	1000000	1000000	1.2149e+06	1.2149	1.2149
chr1_22	1000000	1000000	1.294e+06	1.294	1.294
chr1_23	1000000	1000000	1.0947e+06	1.0947	1.0947
chr1_24	999997	999997	1.03068e+06	1.03068	1.03068
chr1_25	1000001	1000001	1.03982e+06	1.03982	1.03982
chr1_26	1000000	1000000	1.38111e+06	1.38111	1.38111
chr1_27	1000000	1000000	1.31479e+06	1.31479	1.31479
chr1_28	1000020	1000020	1.50598e+06	1.50595	1.50595
chr1_29	1000001	1000001	1.00202e+06	1.00202	1.00202
chr1_30	1146335	1146335	777951	0.678642	0.678642
chr1_31	1000000	1000000	1.10828e+06	1.10828	1.10828
chr1_32	992754	992754	1.49602e+06	1.50694	1.50694
chr1_33	1000000	1000000	1.33368e+06	1.33368	1.33368
chr1_34	1000000	1000000	1.36263e+06	1.36263	1.36263
chr1_35	1000000	1000000	835063	0.835063	0.835063
chr1_36	1000000	1000000	904788	0.904788	0.904788
chr1_37	1000000	1000000	1.30364e+06	1.30364	1.30364
chr1_38	1000071	1000071	1.1134e+06	1.11332	1.11332
chr1_39	1000000	1000000	842583	0.842583	0.842583
chr1_40	1000000	1000000	1.35569e+06	1.35569	1.35569
chr1_41	1000000	1000000	1.15959e+06	1.15959	1.15959
chr1_42	999999	999999	1.25332e+06	1.25332	1.25332
chr1_43	1000000	1000000	889713	0.889713	0.889713
chr1_44	1000001	1000001	1.58221e+06	1.58221	1.58221
chr1_45	1000000	1000000	1.78851e+06	1.78851	1.78851
chr1_46	1000000	1000000	959836	0.959836	0.959836
chr1_47	1000000	1000000	1.02176e+06	1.02176	1.02176
chr1_48	1000000	1000000	691396	0.691396	0.691396
chr1_49	1000000	1000000	817484	0.817484	0.817484
chr1_51	1000000	1000000	769345	0.769345	0.769345
chr1_52	1000000	1000000	815609	0.815609	0.815609
chr1_53	1000000	1000000	782247	0.782247	0.782247
chr1_54	1000001	1000001	906982	0.906981	0.906981
chr1_55	1000000	1000000	1.31909e+06	1.31909	1.31909
chr1_56	1000000	1000000	710066	0.710066	0.710066
chr1_57	1000000	1000000	791535	0.791535	0.791535
chr1_58	999999	999999	662661	0.662661	0.662661
chr1_59	1000000	1000000	864314	0.864314	0.864314
chr1_60	1000000	1000000	784971	0.784971	0.784971
chr1_61	1000000	1000000	536514	0.536514	0.536514
chr1_62	1000000	1000000	945430	0.94543	0.94543
chr1_63	999999	999999	659917	0.659918	0.659918
chr1_64	1000001	1000001	648226	0.648226	0.648226
chr1_65	1000011	1000011	759077	0.759069	0.759069
chr1_66	1000000	1000000	903461	0.903461	0.903461
chr1_67	1000000	1000000	933680	0.93368	0.93368
chr1_68	1000000	1000000	684464	0.684464	0.684464
chr1_78	999999	999999	1.05743e+06	1.05743	1.05743
chr1_94	999999	999999	736139	0.73614	0.73614
chr1_95	1000000	1000000	892829	0.892829	0.892829
chr1_110	1000000	1000000	1.79824e+06	1.79824	1.79824
chr1_111	1000000	1000000	1.07028e+06	1.07028	1.07028
chr1_112	1000000	1000000	1.01002e+06	1.01002	1.01002
chr1_113	1000000	1000000	887959	0.887959	0.887959
chr1_117	1000001	1000001	1.1209e+06	1.1209	1.1209
chr1_148	1000674	1000674	582510	0.582118	0.582118
chr1_151	1000529	1000529	1.21288e+06	1.21224	1.21224
chr1_152	1000000	1000000	1.2718e+06	1.2718	1.2718
chr1_153	1000000	1000000	407473	0.407473	0.407473
chr1_154	1000000	1000000	1.05158e+06	1.05158	1.05158
chr1_155	1000000	1000000	1.21263e+06	1.21263	1.21263
chr1_156	997315	997315	1.64508e+06	1.64951	1.64951
chr1_157	1000001	1000001	1.96811e+06	1.96811	1.96811
chr1_158	999998	999998	540913	0.540914	0.540914
chr1_161	1000000	1000000	1.25738e+06	1.25738	1.25738
chr1_163	1000000	1000000	875488	0.875488	0.875488
chr1_166	1000000	1000000	727783	0.727783	0.727783
chr1_168	1000001	1000001	871839	0.871839	0.871839
chr1_176	1000000	1000000	929622	0.929622	0.929622
chr1_181	1000001	1000001	717767	0.717766	0.717766
chr1_182	999999	999999	904373	0.904374	0.904374
chr1_183	1000000	1000000	966860	0.96686	0.96686
chr1_184	999999	999999	1.1319e+06	1.1319	1.1319
chr1_185	999998	999998	861022	0.861024	0.861024
chr1_202	1000000	1000000	1.9299e+06	1.9299	1.9299
chr1_203	1000000	1000000	1.14379e+06	1.14379	1.14379
chr1_204	1000000	1000000	1.4976e+06	1.4976	1.4976
chr1_205	1000000	1000000	1.76933e+06	1.76933	1.76933
chr1_206	953579	953579	1.87529e+06	1.96658	1.96658
chr1_208	1000000	1000000	833894	0.833894	0.833894
chr1_209	1000000	1000000	834310	0.83431	0.83431
chr1_210	1000000	1000000	882843	0.882843	0.882843
chr1_211	999997	999997	1.03483e+06	1.03483	1.03483
chr1_212	1000000	1000000	934655	0.934655	0.934655
chr1_213	1000000	1000000	1.05113e+06	1.05113	1.05113
chr1_226	999999	999999	990681	0.990682	0.990682
chr1_227	1000000	1000000	1.42245e+06	1.42245	1.42245
chr1_228	1000000	1000000	762687	0.762687	0.762687
chr1_230	1000000	1000000	1.15814e+06	1.15814	1.15814
chr1_231	999999	999999	1.49748e+06	1.49748	1.49748
chr1_232	1000000	1000000	893312	0.893312	0.893312
chr1_233	1000000	1000000	730647	0.730647	0.730647
chr1_234	1000000	1000000	740813	0.740813	0.740813
chr1_235	1000001	1000001	1.4119e+06	1.4119	1.4119
chr1_236	1027553	1027553	821220	0.7992	0.7992
chr1_244	1000000	1000000	876324	0.876324	0.876324
chr1_245	1000000	1000000	973579	0.973579	0.973579
chr1_246	1000000	1000000	744690	0.74469	0.74469
chr1_247	1000000	1000000	697036	0.697036	0.697036
chr2_1	985686	985686	655320	0.664837	0.664837
chr2_3	1000000	1000000	1.06063e+06	1.06063	1.06063
chr2_8	1000000	1000000	715830	0.71583	0.71583
chr2_9	999998	999998	1.01533e+06	1.01533	1.01533
chr2_10	999999	999999	1.19014e+06	1.19014	1.19014
chr2_12	1000000	1000000	1.07675e+06	1.07675	1.07675
chr2_16	999998	999998	829909	0.82991	0.82991
chr2_21	1023111	1023111	1.14701e+06	1.1211	1.1211
chr2_24	999998	999998	874700	0.874701	0.874701
chr2_25	999999	999999	1.02016e+06	1.02016	1.02016
chr2_26	1000000	1000000	1.41405e+06	1.41405	1.41405
chr2_27	999999	999999	1.21709e+06	1.21709	1.21709
chr2_28	999999	999999	1.06964e+06	1.06964	1.06964
chr2_29	999999	999999	970250	0.970251	0.970251
chr2_30	1000000	1000000	837313	0.837313	0.837313
chr2_31	1000000	1000000	808736	0.808736	0.808736
chr2_32	1002203	1002203	599408	0.598091	0.598091
chr2_38	1000000	1000000	649115	0.649115	0.649115
chr2_39	999998	999998	791238	0.79124	0.79124
chr2_40	999999	999999	761637	0.761638	0.761638
chr2_43	1000000	1000000	949168	0.949168	0.949168
chr2_44	999999	999999	1.08665e+06	1.08665	1.08665
chr2_45	1000000	1000000	707976	0.707976	0.707976
chr2_46	1000000	1000000	795172	0.795172	0.795172
chr2_47	1000000	1000000	1.22097e+06	1.22097	1.22097
chr2_48	1000000	1000000	1.51596e+06	1.51596	1.51596
chr2_49	1000000	1000000	972341	0.972341	0.972341
chr2_55	999999	999999	1.29502e+06	1.29502	1.29502
chr2_56	999999	999999	1.09038e+06	1.09038	1.09038
chr2_61	1000000	1000000	728139	0.728139	0.728139
chr2_62	1000000	1000000	883763	0.883763	0.883763
chr2_63	1000000	1000000	714178	0.714178	0.714178
chr2_66	1000000	1000000	842874	0.842874	0.842874
chr2_69	1000000	1000000	701383	0.701383	0.701383
chr2_70	1000000	1000000	1.03909e+06	1.03909	1.03909
chr2_71	999998	999998	1.14927e+06	1.14927	1.14927
chr2_72	1000000	1000000	1.03118e+06	1.03118	1.03118
chr2_73	999999	999999	704699	0.7047	0.7047
chr2_74	999998	999998	880745	0.880746	0.880746
chr2_75	1000000	1000000	1.10739e+06	1.10739	1.10739
chr2_86	1000000	1000000	1.6158e+06	1.6158	1.6158
chr2_99	1000000	1000000	961553	0.961553	0.961553
chr2_100	999999	999999	762852	0.762853	0.762853
chr2_101	1000000	1000000	963357	0.963357	0.963357
chr2_102	1000000	1000000	1.26475e+06	1.26475	1.26475
chr2_103	999996	999996	549868	0.54987	0.54987
chr2_106	999998	999998	946293	0.946295	0.946295
chr2_120	1000000	1000000	825351	0.825351	0.825351
chr2_121	1000000	1000000	940659	0.940659	0.940659
chr2_122	1000000	1000000	885069	0.885069	0.885069
chr2_128	999998	999998	1.36824e+06	1.36824	1.36824
chr2_129	1000000	1000000	924414	0.924414	0.924414
chr2_134	999998	999998	706999	0.707001	0.707001
chr2_135	999999	999999	865089	0.86509	0.86509
chr2_153	1000000	1000000	1.2917e+06	1.2917	1.2917
chr2_171	1000000	1000000	651275	0.651275	0.651275
chr2_172	1008397	1008397	749995	0.74375	0.74375
chr2_173	999821	999821	760745	0.760881	0.760881
chr2_174	1000000	1000000	590335	0.590335	0.590335
chr2_175	1000000	1000000	904610	0.90461	0.90461
chr2_198	1000000	1000000	1.08784e+06	1.08784	1.08784
chr2_201	1000000	1000000	896723	0.896723	0.896723
chr2_202	1000000	1000000	781050	0.78105	0.78105
chr2_203	1000000	1000000	717303	0.717303	0.717303
chr2_204	1000000	1000000	754659	0.754659	0.754659
chr2_206	1000001	1000001	595682	0.595681	0.595681
chr2_207	1000000	1000000	654202	0.654202	0.654202
chr2_208	1000000	1000000	1.15346e+06	1.15346	1.15346
chr2_217	1000000	1000000	937857	0.937857	0.937857
chr2_218	1000000	1000000	994922	0.994922	0.994922
chr2_219	999999	999999	1.13408e+06	1.13408	1.13408
chr2_220	999999	999999	1.18636e+06	1.18637	1.18637
chr2_223	999999	999999	666547	0.666547	0.666547
chr2_225	1000000	1000000	792368	0.792368	0.792368
chr2_230	1000000	1000000	839218	0.839218	0.839218
chr2_231	999999	999999	749537	0.749538	0.749538
chr2_232	999995	999995	1.51126e+06	1.51126	1.51126
chr2_233	1000000	1000000	1.1608e+06	1.1608	1.1608
chr2_234	1043934	1043934	899343	0.861494	0.861494
chr2_236	1000000	1000000	1.38648e+06	1.38648	1.38648
chr2_237	999999	999999	830466	0.830467	0.830467
chr2_238	999999	999999	896198	0.896199	0.896199
chr2_239	1013054	1013054	907784	0.896086	0.896086
chr3_10	1000000	1000000	1.28436e+06	1.28436	1.28436
chr3_11	1000002	1000002	1.4815e+06	1.48149	1.48149
chr3_12	999788	999788	1.24317e+06	1.24344	1.24344
chr3_13	1000026	1000026	1.04543e+06	1.0454	1.0454
chr3_14	1000000	1000000	1.43093e+06	1.43093	1.43093
chr3_34	1000000	1000000	782644	0.782644	0.782644
chr3_38	1000000	1000000	1.0688e+06	1.0688	1.0688
chr3_42	1000001	1000001	555287	0.555286	0.555286
chr3_43	1000000	1000000	1.45818e+06	1.45818	1.45818
chr3_44	1000000	1000000	793197	0.793197	0.793197
chr3_45	1000000	1000000	724979	0.724979	0.724979
chr3_46	1000000	1000000	987453	0.987453	0.987453
chr3_47	999998	999998	837059	0.837061	0.837061
chr3_48	1000000	1000000	1.21089e+06	1.21089	1.21089
chr3_49	995943	995943	1.33705e+06	1.3425	1.3425
chr3_51	999998	999998	1.43878e+06	1.43878	1.43878
chr3_53	1000000	1000000	1.63905e+06	1.63905	1.63905
chr3_54	1000011	1000011	1.05227e+06	1.05226	1.05226
chr3_55	1000000	1000000	804571	0.804571	0.804571
chr3_56	1000001	1000001	648036	0.648035	0.648035
chr3_57	1000000	1000000	885177	0.885177	0.885177
chr3_59	999999	999999	1.15657e+06	1.15657	1.15657
chr3_63	1000002	1000002	701661	0.70166	0.70166
chr3_65	999999	999999	878505	0.878505	0.878505
chr3_72	1000000	1000000	987152	0.987152	0.987152
chr3_73	1000000	1000000	1.48173e+06	1.48173	1.48173
chr3_115	1000000	1000000	789249	0.789249	0.789249
chr3_118	1000000	1000000	769207	0.769207	0.769207
chr3_120	1000000	1000000	719912	0.719912	0.719912
chr3_121	1000000	1000000	780723	0.780723	0.780723
chr3_124	1000000	1000000	1.20294e+06	1.20294	1.20294
chr3_125	999997	999997	1.10327e+06	1.10327	1.10327
chr3_126	999999	999999	810061	0.810061	0.810061
chr3_127	1000000	1000000	1.0347e+06	1.0347	1.0347
chr3_128	1000000	1000000	1.22567e+06	1.22567	1.22567
chr3_129	1000000	1000000	986985	0.986985	0.986985
chr3_130	1000000	1000000	1.25757e+06	1.25757	1.25757
chr3_135	999998	999998	1.04831e+06	1.04831	1.04831
chr3_142	1000000	1000000	916078	0.916078	0.916078
chr3_144	1000000	1000000	764149	0.764149	0.764149
chr3_150	1000000	1000000	746970	0.74697	0.74697
chr3_180	1000000	1000000	910314	0.910314	0.910314
chr3_183	1000000	1000000	664953	0.664953	0.664953
chr3_185	1000000	1000000	1.14165e+06	1.14165	1.14165
chr3_186	1000001	1000001	755963	0.755962	0.755962
chr3_187	999999	999999	1.15401e+06	1.15401	1.15401
chr3_189	1000001	1000001	853933	0.853932	0.853932
chr4_3	1000000	1000000	1.39164e+06	1.39164	1.39164
chr4_4	1000000	1000000	990160	0.99016	0.99016
chr4_5	1000000	1000000	750241	0.750241	0.750241
chr4_6	1000000	1000000	618536	0.618536	0.618536
chr4_9	999999	999999	979105	0.979106	0.979106
chr4_17	1000000	1000000	881975	0.881975	0.881975
chr4_25	999999	999999	893288	0.893288	0.893288
chr4_26	1000000	1000000	803392	0.803392	0.803392
chr4_27	1000000	1000000	863913	0.863913	0.863913
chr4_39	999999	999999	1.10313e+06	1.10313	1.10313
chr4_40	1000000	1000000	820987	0.820987	0.820987
chr4_42	1000000	1000000	1.21131e+06	1.21131	1.21131
chr4_140	1000000	1000000	983882	0.983882	0.983882
chr4_152	1000000	1000000	949832	0.949832	0.949832
chr4_153	1000000	1000000	769173	0.769173	0.769173
chr4_154	1000000	1000000	991328	0.991328	0.991328
chr4_184	1000000	1000000	833345	0.833345	0.833345
chr4_185	1000001	1000001	1.10188e+06	1.10188	1.10188
chr4_186	1000000	1000000	798238	0.798238	0.798238
chr5_11	1000000	1000000	1.00744e+06	1.00744	1.00744
chr5_12	1000000	1000000	1.03339e+06	1.03339	1.03339
chr5_15	1000000	1000000	1.08717e+06	1.08717	1.08717
chr5_32	999999	999999	837727	0.837728	0.837728
chr5_39	1000000	1000000	757989	0.757989	0.757989
chr5_62	1000000	1000000	979621	0.979621	0.979621
chr5_67	1000000	1000000	636199	0.636199	0.636199
chr5_68	1000000	1000000	849408	0.849408	0.849408
chr5_69	999999	999999	981880	0.981881	0.981881
chr5_73	1000000	1000000	947954	0.947954	0.947954
chr5_74	999998	999998	650492	0.650493	0.650493
chr5_78	999999	999999	937497	0.937498	0.937498
chr5_80	1000000	1000000	740027	0.740027	0.740027
chr5_125	1000000	1000000	1.22467e+06	1.22467	1.22467
chr5_132	1000000	1000000	951599	0.951599	0.951599
chr5_133	999999	999999	1.36592e+06	1.36592	1.36592
chr5_134	999999	999999	989863	0.989864	0.989864
chr5_136	999999	999999	773961	0.773962	0.773962
chr5_137	1000000	1000000	528730	0.52873	0.52873
chr5_138	1000000	1000000	1.26259e+06	1.26259	1.26259
chr5_139	1000000	1000000	1.36844e+06	1.36844	1.36844
chr5_141	1000000	1000000	1.00924e+06	1.00924	1.00924
chr5_142	999980	999980	1.18324e+06	1.18326	1.18326
chr5_143	1000000	1000000	1.15045e+06	1.15045	1.15045
chr5_144	1000000	1000000	885178	0.885178	0.885178
chr5_148	1000000	1000000	746755	0.746755	0.746755
chr5_149	1000000	1000000	545505	0.545505	0.545505
chr5_150	1000000	1000000	1.10546e+06	1.10546	1.10546
chr5_151	999999	999999	1.50804e+06	1.50804	1.50804
chr5_152	999999	999999	935321	0.935322	0.935322
chr5_155	1000000	1000000	974405	0.974405	0.974405
chr5_158	999997	999997	917214	0.917216	0.917216
chr5_160	999999	999999	696476	0.696476	0.696476
chr5_168	1000000	1000000	622329	0.622329	0.622329
chr5_169	1000000	1000000	863950	0.86395	0.86395
chr5_171	1000000	1000000	838170	0.83817	0.83817
chr5_173	999999	999999	1.51224e+06	1.51224	1.51224
chr5_174	1000000	1000000	1.22639e+06	1.22639	1.22639
chr5_175	1000000	1000000	812233	0.812233	0.812233
chr5_180	999999	999999	1.02976e+06	1.02976	1.02976
chr5_181	1000000	1000000	1.08732e+06	1.08732	1.08732
chr6_3	1000000	1000000	833027	0.833027	0.833027
chr6_4	1000000	1000000	1.56457e+06	1.56457	1.56457
chr6_5	1000000	1000000	752442	0.752442	0.752442
chr6_6	999999	999999	936010	0.936011	0.936011
chr6_7	1000000	1000000	737167	0.737167	0.737167
chr6_8	1000000	1000000	759645	0.759645	0.759645
chr6_12	1000000	1000000	863309	0.863309	0.863309
chr6_13	999999	999999	702685	0.702686	0.702686
chr6_14	999999	999999	1.21073e+06	1.21073	1.21073
chr6_15	1000000	1000000	745581	0.745581	0.745581
chr6_16	1000000	1000000	954986	0.954986	0.954986
chr6_17	1000000	1000000	1.15893e+06	1.15893	1.15893
chr6_18	1000000	1000000	912348	0.912348	0.912348
chr6_25	1000000	1000000	728786	0.728786	0.728786
chr6_26	1000000	1000000	601695	0.601695	0.601695
chr6_28	999999	999999	617158	0.617159	0.617159
chr6_29	999999	999999	389658	0.389658	0.389658
chr6_30	1000000	1000000	4627.6	0.0046276	0.0046276
chr6_31	1000000	1000000	112.373	0.000112373	0.000112373
chr6_32	1000000	1000000	2060.12	0.00206012	0.00206012
chr6_33	1000000	1000000	449.486	0.000449486	0.000449486
chr6_36	1000000	1000000	1.18062e+06	1.18062	1.18062
chr6_37	999999	999999	1.26609e+06	1.26609	1.26609
chr6_38	1000000	1000000	1.10802e+06	1.10802	1.10802
chr6_41	1000000	1000000	877067	0.877067	0.877067
chr6_42	999999	999999	1.20421e+06	1.20421	1.20421
chr6_43	1000000	1000000	1.00993e+06	1.00993	1.00993
chr6_44	999999	999999	1.25038e+06	1.25038	1.25038
chr6_47	1000000	1000000	828654	0.828654	0.828654
chr6_54	1000000	1000000	1.08238e+06	1.08238	1.08238
chr6_90	1000000	1000000	882427	0.882427	0.882427
chr6_108	1000000	1000000	828022	0.828022	0.828022
chr6_109	999999	999999	954776	0.954777	0.954777
chr6_110	1000000	1000000	894618	0.894618	0.894618
chr6_111	1000000	1000000	1.27723e+06	1.27723	1.27723
chr6_112	1000000	1000000	1.06067e+06	1.06067	1.06067
chr6_135	1000000	1000000	1.3514e+06	1.3514	1.3514
chr6_137	999999	999999	1.09843e+06	1.09843	1.09843
chr6_149	1000000	1000000	1.05779e+06	1.05779	1.05779
chr6_150	1000000	1000000	921528	0.921528	0.921528
chr6_151	1000000	1000000	800998	0.800998	0.800998
chr6_155	999999	999999	831980	0.831981	0.831981
chr6_159	1000000	1000000	1.35008e+06	1.35008	1.35008
chr6_160	1000000	1000000	755996	0.755996	0.755996
chr6_162	1000000	1000000	1.05131e+06	1.05131	1.05131
chr6_163	1000000	1000000	639969	0.639969	0.639969
chr6_164	1000000	1000000	1.64347e+06	1.64347	1.64347
chr6_165	992457	992457	684453	0.689655	0.689655
chr6_166	999999	999999	600378	0.600378	0.600378
chr6_167	1000000	1000000	1.22197e+06	1.22197	1.22197
chr6_169	999415	999415	805589	0.80606	0.80606
chr7_3	999999	999999	1.52861e+06	1.52861	1.52861
chr7_4	999998	999998	630957	0.630958	0.630958
chr7_5	999999	999999	1.03274e+06	1.03274	1.03274
chr7_6	1000000	1000000	1.37982e+06	1.37982	1.37982
chr7_7	1000000	1000000	889155	0.889155	0.889155
chr7_26	1000001	1000001	688035	0.688034	0.688034
chr7_27	999999	999999	656599	0.6566	0.6566
chr7_28	1000000	1000000	632098	0.632098	0.632098
chr7_29	999997	999997	1.07333e+06	1.07333	1.07333
chr7_30	1000000	1000000	1.04904e+06	1.04904	1.04904
chr7_31	999999	999999	1.08193e+06	1.08194	1.08194
chr7_32	999997	999997	715719	0.715721	0.715721
chr7_33	1000000	1000000	797048	0.797048	0.797048
chr7_37	999995	999995	1.17163e+06	1.17164	1.17164
chr7_44	1000000	1000000	838650	0.83865	0.83865
chr7_45	1000000	1000000	1.28503e+06	1.28503	1.28503
chr7_48	999999	999999	860398	0.860399	0.860399
chr7_67	1000000	1000000	1.02985e+06	1.02985	1.02985
chr7_68	1000000	1000000	567738	0.567738	0.567738
chr7_69	1000000	1000000	588191	0.588191	0.588191
chr7_70	999999	999999	763182	0.763182	0.763182
chr7_71	1000000	1000000	679926	0.679926	0.679926
chr7_72	999999	999999	771457	0.771458	0.771458
chr7_73	1005538	1005538	665931	0.662264	0.662264
chr7_75	999835	999835	1.2062e+06	1.2064	1.2064
chr7_76	1215153	1215153	761597	0.62675	0.62675
chr7_77	999999	999999	688087	0.688088	0.688088
chr7_78	1000000	1000000	652719	0.652719	0.652719
chr7_99	968311	968311	853526	0.881459	0.881459
chr7_100	1000000	1000000	984228	0.984228	0.984228
chr7_106	999999	999999	1.09214e+06	1.09214	1.09214
chr7_108	1000000	1000000	813589	0.813589	0.813589
chr7_129	1000001	1000001	1.19014e+06	1.19014	1.19014
chr7_130	999786	999786	841211	0.841391	0.841391
chr7_132	1000000	1000000	1.02603e+06	1.02603	1.02603
chr7_133	1000001	1000001	864244	0.864243	0.864243
chr7_134	999993	999993	603559	0.603563	0.603563
chr7_135	999998	999998	824621	0.824622	0.824622
chr7_136	999997	999997	788200	0.788202	0.788202
chr7_140	1015053	1015053	1.17918e+06	1.16169	1.16169
chr7_141	1000001	1000001	924141	0.92414	0.92414
chr7_142	1000000	1000000	933091	0.933091	0.933091
chr7_149	1000000	1000000	790881	0.790881	0.790881
chr7_150	999997	999997	970531	0.970534	0.970534
chr7_151	999999	999999	729264	0.729264	0.729264
chr7_152	999997	999997	1.31787e+06	1.31787	1.31787
chr7_154	1000000	1000000	405667	0.405667	0.405667
chr7_155	1094625	1094625	1.04222e+06	0.952123	0.952123
chr7_156	1000984	1000984	745270	0.744537	0.744537
chr7_157	1000000	1000000	602981	0.602981	0.602981
chr7_158	999998	999998	855992	0.855994	0.855994
chr8_2	998166	998166	1.1091e+06	1.11113	1.11113
chr8_7	1000000	1000000	729772	0.729772	0.729772
chr8_10	1000000	1000000	779444	0.779444	0.779444
chr8_11	1000000	1000000	1.14157e+06	1.14157	1.14157
chr8_12	999999	999999	936217	0.936218	0.936218
chr8_18	1000000	1000000	1.07795e+06	1.07795	1.07795
chr8_19	1000001	1000001	753851	0.75385	0.75385
chr8_20	1000001	1000001	898124	0.898123	0.898123
chr8_21	1000000	1000000	684124	0.684124	0.684124
chr8_22	1000000	1000000	684651	0.684651	0.684651
chr8_23	1000002	1000002	1.48171e+06	1.48171	1.48171
chr8_24	1000000	1000000	796098	0.796098	0.796098
chr8_26	1000001	1000001	779387	0.779386	0.779386
chr8_27	1000001	1000001	1.23114e+06	1.23114	1.23114
chr8_28	1000000	1000000	1.09059e+06	1.09059	1.09059
chr8_29	1000000	1000000	927336	0.927336	0.927336
chr8_30	999999	999999	890059	0.89006	0.89006
chr8_38	1000000	1000000	789128	0.789128	0.789128
chr8_39	1000001	1000001	1.16549e+06	1.16549	1.16549
chr8_42	999999	999999	884421	0.884422	0.884422
chr8_43	997625	997625	1.10113e+06	1.10376	1.10376
chr8_98	1000000	1000000	912603	0.912603	0.912603
chr8_99	1000000	1000000	706159	0.706159	0.706159
chr8_101	1000000	1000000	823051	0.823051	0.823051
chr8_102	1000000	1000000	994103	0.994103	0.994103
chr8_103	1000000	1000000	907342	0.907342	0.907342
chr8_124	1000000	1000000	986722	0.986722	0.986722
chr8_125	1000002	1000002	1.09674e+06	1.09674	1.09674
chr8_126	1000002	1000002	845004	0.845002	0.845002
chr8_131	1000000	1000000	1.02976e+06	1.02976	1.02976
chr8_133	999998	999998	864563	0.864564	0.864564
chr8_134	999998	999998	1.24727e+06	1.24727	1.24727
chr8_135	1000000	1000000	808068	0.808068	0.808068
chr8_136	1000000	1000000	886461	0.886461	0.886461
chr8_139	1000000	1000000	821029	0.821029	0.821029
chr8_140	997857	997857	939634	0.941651	0.941651
chr8_141	999999	999999	1.50804e+06	1.50804	1.50804
chr8_143	1000056	1000056	1.38879e+06	1.38871	1.38871
chr9_5	1000000	1000000	840785	0.840785	0.840785
chr9_35	999999	999999	1.12055e+06	1.12055	1.12055
chr9_37	1000000	1000000	1.00773e+06	1.00773	1.00773
chr9_38	1000000	1000000	1.04947e+06	1.04947	1.04947
chr9_85	1000000	1000000	912474	0.912474	0.912474
chr9_87	1000000	1000000	668673	0.668673	0.668673
chr9_88	1000000	1000000	772010	0.77201	0.77201
chr9_89	1000000	1000000	715371	0.715371	0.715371
chr9_91	1000000	1000000	574863	0.574863	0.574863
chr9_92	1000000	1000000	696185	0.696185	0.696185
chr9_93	1000000	1000000	780204	0.780204	0.780204
chr9_94	1000000	1000000	1.00339e+06	1.00339	1.00339
chr9_95	1000000	1000000	1.01016e+06	1.01016	1.01016
chr9_96	1000000	1000000	1.07055e+06	1.07055	1.07055
chr9_97	1000000	1000000	1.11831e+06	1.11831	1.11831
chr9_98	1000000	1000000	851624	0.851624	0.851624
chr9_99	1000000	1000000	1.02948e+06	1.02948	1.02948
chr9_100	1000000	1000000	731807	0.731807	0.731807
chr9_108	1000000	1000000	785540	0.78554	0.78554
chr9_110	1000000	1000000	1.0147e+06	1.0147	1.0147
chr9_111	1000000	1000000	824347	0.824347	0.824347
chr9_112	1000000	1000000	746144	0.746144	0.746144
chr9_113	1000000	1000000	880648	0.880648	0.880648
chr9_114	1000000	1000000	1.05626e+06	1.05626	1.05626
chr9_115	1000000	1000000	1.0308e+06	1.0308	1.0308
chr9_117	1000000	1000000	671498	0.671498	0.671498
chr9_118	999999	999999	896611	0.896612	0.896612
chr9_120	1000000	1000000	741266	0.741266	0.741266
chr9_121	1000000	1000000	1.04506e+06	1.04506	1.04506
chr9_122	1000001	1000001	1.6399e+06	1.63989	1.63989
chr9_123	1000000	1000000	890968	0.890968	0.890968
chr9_124	1000000	1000000	989945	0.989945	0.989945
chr9_125	1000000	1000000	1.0869e+06	1.0869	1.0869
chr9_126	1000000	1000000	810761	0.810761	0.810761
chr9_127	1000000	1000000	1.38821e+06	1.38821	1.38821
chr9_128	1000000	1000000	1.93551e+06	1.93551	1.93551
chr9_129	1000000	1000000	1.79309e+06	1.79309	1.79309
chr9_130	1000000	1000000	1.95575e+06	1.95575	1.95575
chr9_131	1113108	1113108	1.21858e+06	1.09476	1.09476
chr9_132	1000000	1000000	1.51941e+06	1.51941	1.51941
chr9_133	1000000	1000000	1.02227e+06	1.02227	1.02227
chr9_134	989735	989735	1.56991e+06	1.58619	1.58619
chr9_136	1000000	1000000	1.14654e+06	1.14654	1.14654
chr9_137	1002606	1002606	1.72954e+06	1.72505	1.72505
chr10_2	996254	996254	964695	0.968322	0.968322
chr10_3	999998	999998	451182	0.451183	0.451183
chr10_4	1000000	1000000	997382	0.997382	0.997382
chr10_5	1000000	1000000	565744	0.565744	0.565744
chr10_6	999771	999771	756411	0.756585	0.756585
chr10_7	999999	999999	1.19145e+06	1.19145	1.19145
chr10_8	1000001	1000001	930773	0.930772	0.930772
chr10_12	1000036	1000036	920843	0.92081	0.92081
chr10_13	1000001	1000001	1.00318e+06	1.00318	1.00318
chr10_14	1000000	1000000	954504	0.954504	0.954504
chr10_15	999999	999999	1.03391e+06	1.03391	1.03391
chr10_16	1000000	1000000	862021	0.862021	0.862021
chr10_23	1000000	1000000	1.22351e+06	1.22351	1.22351
chr10_25	1000000	1000000	1.12751e+06	1.12751	1.12751
chr10_30	1000000	1000000	696129	0.696129	0.696129
chr10_31	1000000	1000000	802936	0.802936	0.802936
chr10_32	999999	999999	760381	0.760382	0.760382
chr10_36	1000000	1000000	992139	0.992139	0.992139
chr10_44	1000000	1000000	973111	0.973111	0.973111
chr10_49	1000011	1000011	924743	0.924733	0.924733
chr10_50	1551715	1551715	708071	0.456315	0.456315
chr10_61	1000000	1000000	1.03974e+06	1.03974	1.03974
chr10_63	1000001	1000001	840554	0.840553	0.840553
chr10_64	1000000	1000000	846245	0.846245	0.846245
chr10_69	999999	999999	854312	0.854313	0.854313
chr10_70	1000000	1000000	1.04088e+06	1.04088	1.04088
chr10_71	1000001	1000001	1.08092e+06	1.08092	1.08092
chr10_72	1000001	1000001	1.59489e+06	1.59489	1.59489
chr10_73	1000000	1000000	1.291e+06	1.291	1.291
chr10_74	1000000	1000000	1.08981e+06	1.08981	1.08981
chr10_75	1000000	1000000	676207	0.676207	0.676207
chr10_76	1000000	1000000	777060	0.77706	0.77706
chr10_77	1000000	1000000	523518	0.523518	0.523518
chr10_78	1000000	1000000	1.10737e+06	1.10737	1.10737
chr10_79	999999	999999	1.25341e+06	1.25341	1.25341
chr10_80	999999	999999	1.38509e+06	1.38509	1.38509
chr10_81	1000000	1000000	857718	0.857718	0.857718
chr10_87	1000000	1000000	1.52001e+06	1.52001	1.52001
chr10_92	1000000	1000000	837141	0.837141	0.837141
chr10_93	1000000	1000000	734646	0.734646	0.734646
chr10_94	1000000	1000000	699999	0.699999	0.699999
chr10_96	1000000	1000000	910322	0.910322	0.910322
chr10_97	1000000	1000000	852178	0.852178	0.852178
chr10_98	1000000	1000000	1.32599e+06	1.32599	1.32599
chr10_99	1000000	1000000	635916	0.635916	0.635916
chr10_100	1000000	1000000	647797	0.647797	0.647797
chr10_101	1000000	1000000	941078	0.941078	0.941078
chr10_102	1000000	1000000	1.08804e+06	1.08804	1.08804
chr10_103	1000000	1000000	1.36316e+06	1.36316	1.36316
chr10_104	1000001	1000001	1.4351e+06	1.43509	1.43509
chr10_105	1000000	1000000	904445	0.904445	0.904445
chr10_111	1000000	1000000	1.04728e+06	1.04728	1.04728
chr10_113	1000001	1000001	701214	0.701213	0.701213
chr10_114	1000000	1000000	853497	0.853497	0.853497
chr10_115	1000000	1000000	959970	0.95997	0.95997
chr10_117	1000000	1000000	848511	0.848511	0.848511
chr10_118	1000000	1000000	742409	0.742409	0.742409
chr10_119	1000001	1000001	635469	0.635469	0.635469
chr10_120	1000000	1000000	979863	0.979863	0.979863
chr10_121	1000001	1000001	587047	0.587046	0.587046
chr10_122	1000002	1000002	1.43384e+06	1.43384	1.43384
chr10_123	1000001	1000001	1.23164e+06	1.23164	1.23164
chr10_124	1000000	1000000	799264	0.799264	0.799264
chr10_126	1000000	1000000	894442	0.894442	0.894442
chr10_128	1000000	1000000	1.01435e+06	1.01435	1.01435
chr10_129	1000000	1000000	650614	0.650614	0.650614
chr10_130	1000000	1000000	517551	0.517551	0.517551
chr10_131	999999	999999	603378	0.603378	0.603378
chr10_133	1000000	1000000	1.64828e+06	1.64828	1.64828
chr11_3	1000000	1000000	1.13034e+06	1.13034	1.13034
chr11_9	1000000	1000000	977736	0.977736	0.977736
chr11_10	1000000	1000000	1.07693e+06	1.07693	1.07693
chr11_12	1000000	1000000	1.10082e+06	1.10082	1.10082
chr11_13	1000000	1000000	1.11267e+06	1.11267	1.11267
chr11_14	1000000	1000000	755671	0.755671	0.755671
chr11_16	1000000	1000000	606854	0.606854	0.606854
chr11_18	1000000	1000000	988243	0.988243	0.988243
chr11_20	999999	999999	1.05461e+06	1.05461	1.05461
chr11_34	1000001	1000001	987849	0.987848	0.987848
chr11_35	1000000	1000000	941684	0.941684	0.941684
chr11_36	1000003	1000003	1.06597e+06	1.06596	1.06596
chr11_37	1000000	1000000	1.02324e+06	1.02324	1.02324
chr11_45	1000001	1000001	973906	0.973905	0.973905
chr11_46	1000000	1000000	1.27741e+06	1.27741	1.27741
chr11_47	1000000	1000000	1.4035e+06	1.4035	1.4035
chr11_48	1000001	1000001	1.35028e+06	1.35028	1.35028
chr11_58	999997	999997	961305	0.961308	0.961308
chr11_63	1000000	1000000	1.46855e+06	1.46855	1.46855
chr11_64	1000000	1000000	1.21071e+06	1.21071	1.21071
chr11_65	1000000	1000000	2.03499e+06	2.03499	2.03499
chr11_66	999999	999999	2.05175e+06	2.05176	2.05176
chr11_67	1000000	1000000	1.36391e+06	1.36391	1.36391
chr11_68	999999	999999	1.14612e+06	1.14612	1.14612
chr11_69	999998	999998	1.15532e+06	1.15532	1.15532
chr11_70	1078638	1078638	828916	0.768484	0.768484
chr11_73	999999	999999	1.38384e+06	1.38384	1.38384
chr11_75	1000000	1000000	817003	0.817003	0.817003
chr11_76	999999	999999	1.1761e+06	1.1761	1.1761
chr11_77	1000000	1000000	900486	0.900486	0.900486
chr11_79	999999	999999	1.16443e+06	1.16443	1.16443
chr11_80	999998	999998	725381	0.725383	0.725383
chr11_84	1000001	1000001	1.0239e+06	1.0239	1.0239
chr11_87	999999	999999	926649	0.926649	0.926649
chr11_112	1000000	1000000	1.28085e+06	1.28085	1.28085
chr11_113	999998	999998	1.2357e+06	1.2357	1.2357
chr11_114	1000000	1000000	1.13302e+06	1.13302	1.13302
chr11_115	999998	999998	1.05899e+06	1.05899	1.05899
chr11_116	999998	999998	748620	0.748622	0.748622
chr11_117	999998	999998	1.00696e+06	1.00696	1.00696
chr11_118	999999	999999	2.24913e+06	2.24913	2.24913
chr11_119	999995	999995	1.25651e+06	1.25652	1.25652
chr11_120	999999	999999	1.87666e+06	1.87666	1.87666
chr11_121	1000000	1000000	1.25021e+06	1.25021	1.25021
chr11_123	1000000	1000000	1.08314e+06	1.08314	1.08314
chr11_124	999999	999999	882230	0.882231	0.882231
chr11_125	999189	999189	852831	0.853524	0.853524
chr11_126	999999	999999	1.17917e+06	1.17917	1.17917
chr11_127	1000001	1000001	1.59297e+06	1.59297	1.59297
chr11_128	999999	999999	513037	0.513038	0.513038
chr11_129	1000000	1000000	768246	0.768246	0.768246
chr11_130	1000000	1000000	573068	0.573068	0.573068
chr11_131	1000000	1000000	969894	0.969894	0.969894
chr11_133	1000001	1000001	929395	0.929394	0.929394
chr11_134	1000000	1000000	975300	0.9753	0.9753
chr11_135	999999	999999	1.21308e+06	1.21308	1.21308
chr12_2	1000000	1000000	1.00871e+06	1.00871	1.00871
chr12_4	1000000	1000000	904146	0.904146	0.904146
chr12_5	1000000	1000000	775802	0.775802	0.775802
chr12_7	998926	998926	1.74566e+06	1.74753	1.74753
chr12_13	1000000	1000000	1.34462e+06	1.34462	1.34462
chr12_14	1000000	1000000	907472	0.907472	0.907472
chr12_27	1000000	1000000	1.00619e+06	1.00619	1.00619
chr12_49	1000000	1000000	858096	0.858096	0.858096
chr12_50	1000000	1000000	1.46672e+06	1.46672	1.46672
chr12_51	1000000	1000000	1.21965e+06	1.21965	1.21965
chr12_52	1000001	1000001	1.21004e+06	1.21004	1.21004
chr12_53	1000000	1000000	1.05746e+06	1.05746	1.05746
chr12_54	1000000	1000000	1.46938e+06	1.46938	1.46938
chr12_55	1000000	1000000	856346	0.856346	0.856346
chr12_57	1000000	1000000	1.19329e+06	1.19329	1.19329
chr12_58	999999	999999	1.43747e+06	1.43747	1.43747
chr12_94	1000000	1000000	884673	0.884673	0.884673
chr12_95	1000000	1000000	864558	0.864558	0.864558
chr12_99	1000000	1000000	926360	0.92636	0.92636
chr12_105	1000000	1000000	866663	0.866663	0.866663
chr12_106	1000000	1000000	797532	0.797532	0.797532
chr12_107	1000000	1000000	1.07493e+06	1.07493	1.07493
chr12_108	999999	999999	635811	0.635812	0.635812
chr12_109	1044028	1044028	1.21226e+06	1.16114	1.16114
chr12_110	1000000	1000000	1.50593e+06	1.50593	1.50593
chr12_111	999999	999999	1.14429e+06	1.14429	1.14429
chr12_112	1000000	1000000	1.09022e+06	1.09022	1.09022
chr12_113	1000001	1000001	1.15352e+06	1.15352	1.15352
chr12_115	1000000	1000000	618352	0.618352	0.618352
chr12_116	1000000	1000000	619468	0.619468	0.619468
chr12_117	1000000	1000000	872349	0.872349	0.872349
chr12_118	1000000	1000000	879315	0.879315	0.879315
chr12_119	1000000	1000000	948681	0.948681	0.948681
chr12_120	999999	999999	887212	0.887213	0.887213
chr12_121	999999	999999	1.36496e+06	1.36496	1.36496
chr12_122	1000103	1000103	1.44007e+06	1.43992	1.43992
chr12_123	1046641	1046641	1.39163e+06	1.32961	1.32961
chr12_124	1000000	1000000	1.42634e+06	1.42634	1.42634
chr12_126	1000000	1000000	1.0817e+06	1.0817	1.0817
chr12_127	999999	999999	525290	0.525291	0.525291
chr12_128	1000000	1000000	737727	0.737727	0.737727
chr12_129	1000000	1000000	886583	0.886583	0.886583
chr12_130	1000000	1000000	706111	0.706111	0.706111
chr13_21	999999	999999	884085	0.884086	0.884086
chr13_22	1000000	1000000	695097	0.695097	0.695097
chr13_26	1000000	1000000	894475	0.894475	0.894475
chr13_27	999999	999999	823025	0.823026	0.823026
chr13_28	1000000	1000000	799682	0.799682	0.799682
chr13_29	1000000	1000000	658896	0.658896	0.658896
chr13_30	1000000	1000000	757764	0.757764	0.757764
chr13_31	1000000	1000000	983471	0.983471	0.983471
chr13_33	1000001	1000001	722610	0.722609	0.722609
chr13_41	999999	999999	1.0184e+06	1.0184	1.0184
chr13_44	1000000	1000000	1.01891e+06	1.01891	1.01891
chr13_45	999999	999999	1.06397e+06	1.06397	1.06397
chr13_46	1000000	1000000	825106	0.825106	0.825106
chr13_47	1000000	1000000	733361	0.733361	0.733361
chr13_50	1000000	1000000	773379	0.773379	0.773379
chr13_51	1000000	1000000	809805	0.809805	0.809805
chr13_52	1000000	1000000	1.09772e+06	1.09772	1.09772
chr13_98	1000000	1000000	978095	0.978095	0.978095
chr13_99	1000000	1000000	1.11955e+06	1.11955	1.11955
chr13_100	1000000	1000000	917688	0.917688	0.917688
chr13_101	1000098	1000098	831934	0.831852	0.831852
chr13_111	1000000	1000000	947205	0.947205	0.947205
chr13_113	1000000	1000000	934067	0.934067	0.934067
chr14_25	999997	999997	1.12169e+06	1.12169	1.12169
chr14_34	1000000	1000000	952618	0.952618	0.952618
chr14_51	1000000	1000000	1.11241e+06	1.11241	1.11241
chr14_52	1000000	1000000	878043	0.878043	0.878043
chr14_56	1000000	1000000	745515	0.745515	0.745515
chr14_65	1000000	1000000	1.1763e+06	1.1763	1.1763
chr14_66	1000000	1000000	1.10738e+06	1.10738	1.10738
chr14_67	999999	999999	543829	0.54383	0.54383
chr14_68	1000000	1000000	920616	0.920616	0.920616
chr14_69	1000000	1000000	1.2392e+06	1.2392	1.2392
chr14_70	1000000	1000000	1.11435e+06	1.11435	1.11435
chr14_71	1000000	1000000	663222	0.663222	0.663222
chr14_72	1000000	1000000	826855	0.826855	0.826855
chr14_73	999991	999991	946520	0.946528	0.946528
chr14_74	999995	999995	1.21642e+06	1.21642	1.21642
chr14_76	999640	999640	1.31951e+06	1.31998	1.31998
chr14_77	1000000	1000000	1.03936e+06	1.03936	1.03936
chr14_78	1000000	1000000	1.65626e+06	1.65626	1.65626
chr14_79	1000000	1000000	895896	0.895896	0.895896
chr14_90	1000000	1000000	1.03232e+06	1.03232	1.03232
chr14_91	1000000	1000000	1.5278e+06	1.5278	1.5278
chr14_92	1000000	1000000	955822	0.955822	0.955822
chr14_93	1000001	1000001	1.03123e+06	1.03123	1.03123
chr14_94	1000001	1000001	1.29231e+06	1.29231	1.29231
chr14_95	999991	999991	724231	0.724237	0.724237
chr14_96	1000000	1000000	1.18353e+06	1.18353	1.18353
chr14_97	1000000	1000000	813612	0.813612	0.813612
chr14_98	1000000	1000000	539425	0.539425	0.539425
chr14_99	1000000	1000000	485795	0.485795	0.485795
chr14_100	1000000	1000000	1.16638e+06	1.16638	1.16638
chr14_103	1000000	1000000	1.72325e+06	1.72325	1.72325
chr14_104	1000000	1000000	1.48393e+06	1.48393	1.48393
chr15_28	999999	999999	675442	0.675442	0.675442
chr15_30	1000000	1000000	1.14613e+06	1.14613	1.14613
chr15_32	1000000	1000000	1.38069e+06	1.38069	1.38069
chr15_34	1000000	1000000	696668	0.696668	0.696668
chr15_35	1000000	1000000	643587	0.643587	0.643587
chr15_41	999997	999997	1.13349e+06	1.13349	1.13349
chr15_42	1000000	1000000	1.10482e+06	1.10482	1.10482
chr15_43	1000000	1000000	983678	0.983678	0.983678
chr15_44	1000000	1000000	945966	0.945966	0.945966
chr15_45	1000000	1000000	902712	0.902712	0.902712
chr15_46	1000000	1000000	909702	0.909702	0.909702
chr15_49	1000000	1000000	727485	0.727485	0.727485
chr15_52	1000000	1000000	976303	0.976303	0.976303
chr15_53	1000000	1000000	992990	0.99299	0.99299
chr15_58	1000000	1000000	969392	0.969392	0.969392
chr15_59	1000001	1000001	947938	0.947937	0.947937
chr15_60	1000000	1000000	849539	0.849539	0.849539
chr15_61	1000000	1000000	681358	0.681358	0.681358
chr15_62	1000000	1000000	585417	0.585417	0.585417
chr15_63	1000000	1000000	849155	0.849155	0.849155
chr15_64	1000000	1000000	1.0696e+06	1.0696	1.0696
chr15_65	1000139	1000139	1.32111e+06	1.32093	1.32093
chr15_66	1000000	1000000	1.04554e+06	1.04554	1.04554
chr15_67	1000000	1000000	938652	0.938652	0.938652
chr15_68	1000000	1000000	812391	0.812391	0.812391
chr15_69	1000001	1000001	1.46753e+06	1.46752	1.46752
chr15_70	1000000	1000000	835275	0.835275	0.835275
chr15_71	1000000	1000000	980646	0.980646	0.980646
chr15_72	1000002	1000002	654331	0.654329	0.654329
chr15_74	1000000	1000000	934820	0.93482	0.93482
chr15_77	1000000	1000000	668233	0.668233	0.668233
chr15_79	1000000	1000000	1.09716e+06	1.09716	1.09716
chr15_80	1000000	1000000	759409	0.759409	0.759409
chr15_81	999999	999999	1.09984e+06	1.09984	1.09984
chr15_82	1000000	1000000	648145	0.648145	0.648145
chr15_84	1000000	1000000	814644	0.814644	0.814644
chr15_86	1000000	1000000	871102	0.871102	0.871102
chr15_87	1000000	1000000	527930	0.52793	0.52793
chr15_88	1000000	1000000	525127	0.525127	0.525127
chr15_89	1000000	1000000	1.03073e+06	1.03073	1.03073
chr15_90	1000001	1000001	1.19024e+06	1.19023	1.19023
chr15_91	999998	999998	1.62848e+06	1.62848	1.62848
chr15_92	1000000	1000000	1.0462e+06	1.0462	1.0462
chr15_93	1000000	1000000	1.14135e+06	1.14135	1.14135
chr15_94	999999	999999	649809	0.649809	0.649809
chr15_99	999999	999999	797151	0.797152	0.797152
chr15_100	996976	996976	895110	0.897825	0.897825
chr15_101	1000000	1000000	758975	0.758975	0.758975
chr16_1	990000	990000	1.8045e+06	1.82273	1.82273
chr16_2	1000001	1000001	1.27256e+06	1.27256	1.27256
chr16_3	1000000	1000000	1.36947e+06	1.36947	1.36947
chr16_4	1000000	1000000	1.02369e+06	1.02369	1.02369
chr16_5	1000000	1000000	1.7056e+06	1.7056	1.7056
chr16_6	1000000	1000000	820194	0.820194	0.820194
chr16_7	1000000	1000000	739853	0.739853	0.739853
chr16_8	1000001	1000001	644511	0.64451	0.64451
chr16_9	1043855	1043855	725304	0.694832	0.694832
chr16_10	1000000	1000000	1.06971e+06	1.06971	1.06971
chr16_11	1000000	1000000	921518	0.921518	0.921518
chr16_12	1000000	1000000	1.11689e+06	1.11689	1.11689
chr16_13	1000000	1000000	1.20432e+06	1.20432	1.20432
chr16_14	1000000	1000000	668999	0.668999	0.668999
chr16_15	1000000	1000000	704739	0.704739	0.704739
chr16_16	1000000	1000000	802044	0.802044	0.802044
chr16_17	1000000	1000000	306990	0.30699	0.30699
chr16_18	1000000	1000000	844986	0.844986	0.844986
chr16_20	1000000	1000000	1.48958e+06	1.48958	1.48958
chr16_21	1000000	1000000	519117	0.519117	0.519117
chr16_22	999999	999999	450346	0.450346	0.450346
chr16_23	1000000	1000000	675854	0.675854	0.675854
chr16_24	1000000	1000000	913004	0.913004	0.913004
chr16_25	1000000	1000000	1.0708e+06	1.0708	1.0708
chr16_26	1000000	1000000	649078	0.649078	0.649078
chr16_27	1000000	1000000	518471	0.518471	0.518471
chr16_28	1000000	1000000	1.04845e+06	1.04845	1.04845
chr16_29	1000000	1000000	699171	0.699171	0.699171
chr16_31	1000000	1000000	1.44426e+06	1.44426	1.44426
chr16_32	1000000	1000000	748946	0.748946	0.748946
chr16_48	1000000	1000000	694854	0.694854	0.694854
chr16_49	1000000	1000000	805019	0.805019	0.805019
chr16_50	1000000	1000000	690300	0.6903	0.6903
chr16_51	1000000	1000000	1.07367e+06	1.07367	1.07367
chr16_52	1000001	1000001	949587	0.949586	0.949586
chr16_53	1000000	1000000	537605	0.537605	0.537605
chr16_54	1000000	1000000	793623	0.793623	0.793623
chr16_55	1000000	1000000	539170	0.53917	0.53917
chr16_56	1000000	1000000	595087	0.595087	0.595087
chr16_57	1000000	1000000	1.62026e+06	1.62026	1.62026
chr16_58	999992	999992	1.69384e+06	1.69386	1.69386
chr16_59	1000000	1000000	895618	0.895618	0.895618
chr16_67	1000000	1000000	1.223e+06	1.223	1.223
chr16_68	1000000	1000000	1.63738e+06	1.63738	1.63738
chr16_69	1000000	1000000	1.12968e+06	1.12968	1.12968
chr16_70	1000000	1000000	1.22019e+06	1.22019	1.22019
chr16_71	1000000	1000000	927577	0.927577	0.927577
chr16_72	999996	999996	650882	0.650885	0.650885
chr16_73	1000000	1000000	709111	0.709111	0.709111
chr16_74	1000000	1000000	685342	0.685342	0.685342
chr16_75	999999	999999	957694	0.957695	0.957695
chr16_76	1000000	1000000	1.34684e+06	1.34684	1.34684
chr16_78	1000000	1000000	597949	0.597949	0.597949
chr16_79	1000000	1000000	782827	0.782827	0.782827
chr16_80	1000000	1000000	766762	0.766762	0.766762
chr16_81	999708	999708	550924	0.551085	0.551085
chr16_82	1000000	1000000	1.15367e+06	1.15367	1.15367
chr16_83	1000000	1000000	707889	0.707889	0.707889
chr16_84	1000000	1000000	832008	0.832008	0.832008
chr16_85	1000001	1000001	1.24007e+06	1.24007	1.24007
chr16_86	1000000	1000000	1.31503e+06	1.31503	1.31503
chr16_87	1000000	1000000	736714	0.736714	0.736714
chr16_88	1000000	1000000	1.09064e+06	1.09064	1.09064
chr16_89	1032802	1032802	1.07916e+06	1.04489	1.04489
chr16_90	1000000	1000000	1.40006e+06	1.40006	1.40006
chr17_3	1000000	1000000	1.34748e+06	1.34748	1.34748
chr17_4	1000000	1000000	986666	0.986666	0.986666
chr17_5	1000001	1000001	1.58382e+06	1.58382	1.58382
chr17_6	1000025	1000025	887745	0.887723	0.887723
chr17_7	999999	999999	871272	0.871273	0.871273
chr17_8	999999	999999	1.54665e+06	1.54665	1.54665
chr17_9	999999	999999	1.13692e+06	1.13692	1.13692
chr17_10	1000000	1000000	912614	0.912614	0.912614
chr17_11	1000000	1000000	866907	0.866907	0.866907
chr17_12	1000000	1000000	598984	0.598984	0.598984
chr17_13	1000000	1000000	559260	0.55926	0.55926
chr17_14	1000000	1000000	455138	0.455138	0.455138
chr17_15	1000000	1000000	453075	0.453075	0.453075
chr17_16	999997	999997	730954	0.730957	0.730957
chr17_17	1000000	1000000	969397	0.969397	0.969397
chr17_18	1000000	1000000	2.07474e+06	2.07474	2.07474
chr17_19	999999	999999	759411	0.759412	0.759412
chr17_21	1000000	1000000	756811	0.756811	0.756811
chr17_28	1000000	1000000	1.08546e+06	1.08546	1.08546
chr17_29	999992	999992	1.32691e+06	1.32692	1.32692
chr17_30	1000000	1000000	1.56142e+06	1.56142	1.56142
chr17_31	1000000	1000000	747946	0.747946	0.747946
chr17_32	1000001	1000001	1.14443e+06	1.14443	1.14443
chr17_33	999999	999999	1.10982e+06	1.10982	1.10982
chr17_34	1000001	1000001	705112	0.705112	0.705112
chr17_35	1000000	1000000	768613	0.768613	0.768613
chr17_36	1000017	1000017	939005	0.938989	0.938989
chr17_38	993081	993081	750898	0.75613	0.75613
chr17_40	1000000	1000000	1.16648e+06	1.16648	1.16648
chr17_41	999999	999999	1.34281e+06	1.34281	1.34281
chr17_42	995766	995766	919128	0.923036	0.923036
chr17_43	999999	999999	1.40503e+06	1.40503	1.40503
chr17_45	1000000	1000000	1.20703e+06	1.20703	1.20703
chr17_47	1000000	1000000	269622	0.269622	0.269622
chr17_48	1000000	1000000	854293	0.854293	0.854293
chr17_49	999996	999996	738613	0.738616	0.738616
chr17_50	1000002	1000002	989174	0.989172	0.989172
chr17_51	999997	999997	1.47601e+06	1.47601	1.47601
chr17_52	999999	999999	959183	0.959184	0.959184
chr17_56	1000000	1000000	656327	0.656327	0.656327
chr17_57	1000000	1000000	571770	0.57177	0.57177
chr17_58	1000000	1000000	1.72803e+06	1.72803	1.72803
chr17_59	1000000	1000000	922520	0.92252	0.92252
chr17_60	1000000	1000000	1.16563e+06	1.16563	1.16563
chr17_61	1000000	1000000	937177	0.937177	0.937177
chr17_62	1000000	1000000	590256	0.590256	0.590256
chr17_63	1000000	1000000	733592	0.733592	0.733592
chr17_64	999999	999999	994121	0.994122	0.994122
chr17_66	1000000	1000000	859365	0.859365	0.859365
chr17_67	999998	999998	1.09891e+06	1.09891	1.09891
chr17_68	1000000	1000000	987075	0.987075	0.987075
chr17_69	1000025	1000025	978560	0.978536	0.978536
chr17_70	1000000	1000000	561732	0.561732	0.561732
chr17_71	1000000	1000000	628972	0.628972	0.628972
chr17_72	1000000	1000000	488775	0.488775	0.488775
chr17_73	999998	999998	1.18109e+06	1.18109	1.18109
chr17_74	1000000	1000000	1.18701e+06	1.18701	1.18701
chr17_75	999956	999956	1.62177e+06	1.62184	1.62184
chr17_76	999986	999986	1.91816e+06	1.91819	1.91819
chr17_77	1000001	1000001	1.44223e+06	1.44223	1.44223
chr17_78	999999	999999	1.61522e+06	1.61522	1.61522
chr17_79	1000001	1000001	2.1937e+06	2.1937	2.1937
chr17_81	1000001	1000001	1.18847e+06	1.18847	1.18847
chr17_83	1000000	1000000	1.63017e+06	1.63017	1.63017
chr18_4	1000002	1000002	1.04185e+06	1.04185	1.04185
chr18_9	1000000	1000000	815416	0.815416	0.815416
chr18_10	999999	999999	931413	0.931414	0.931414
chr18_11	1000001	1000001	926774	0.926773	0.926773
chr18_12	1000001	1000001	698872	0.698872	0.698872
chr18_13	1000000	1000000	863667	0.863667	0.863667
chr18_14	1000000	1000000	1.13528e+06	1.13528	1.13528
chr18_24	1000001	1000001	984562	0.984561	0.984561
chr18_25	1000000	1000000	933530	0.93353	0.93353
chr18_36	999999	999999	926307	0.926308	0.926308
chr18_37	1000000	1000000	720881	0.720881	0.720881
chr18_46	1000001	1000001	703324	0.703323	0.703323
chr18_49	999999	999999	1.52989e+06	1.52989	1.52989
chr18_50	1000000	1000000	782907	0.782907	0.782907
chr18_51	1000000	1000000	825060	0.82506	0.82506
chr18_56	1000000	1000000	1.11883e+06	1.11883	1.11883
chr18_58	1000001	1000001	716337	0.716336	0.716336
chr18_59	1000000	1000000	1.05991e+06	1.05991	1.05991
chr18_60	1000000	1000000	661083	0.661083	0.661083
chr18_63	1000000	1000000	1.07527e+06	1.07527	1.07527
chr18_76	999999	999999	706238	0.706238	0.706238
chr18_78	1000000	1000000	858079	0.858079	0.858079
chr19_2	1000000	1000000	1.99985e+06	1.99985	1.99985
chr19_3	999999	999999	1.87309e+06	1.87309	1.87309
chr19_4	1000000	1000000	1.6335e+06	1.6335	1.6335
chr19_5	1000013	1000013	1.59478e+06	1.59476	1.59476
chr19_6	1000000	1000000	1.31644e+06	1.31644	1.31644
chr19_7	1000000	1000000	991980	0.99198	0.99198
chr19_10	1000000	1000000	802223	0.802223	0.802223
chr19_11	1000000	1000000	1.53211e+06	1.53211	1.53211
chr19_12	1000139	1000139	1.20015e+06	1.19998	1.19998
chr19_13	999999	999999	1.17831e+06	1.17832	1.17832
chr19_14	999998	999998	1.76248e+06	1.76249	1.76249
chr19_15	1000000	1000000	1.16218e+06	1.16218	1.16218
chr19_16	999998	999998	794205	0.794207	0.794207
chr19_17	1000000	1000000	1.19263e+06	1.19263	1.19263
chr19_18	999999	999999	1.41884e+06	1.41884	1.41884
chr19_19	1000000	1000000	1.96259e+06	1.96259	1.96259
chr19_20	1000000	1000000	1.04439e+06	1.04439	1.04439
chr19_22	999996	999996	556209	0.556212	0.556212
chr19_24	1000000	1000000	437059	0.437059	0.437059
chr19_29	1000000	1000000	503215	0.503215	0.503215
chr19_30	1000000	1000000	1.01978e+06	1.01978	1.01978
chr19_31	999999	999999	1.20025e+06	1.20025	1.20025
chr19_32	1000000	1000000	562928	0.562928	0.562928
chr19_33	1000000	1000000	660729	0.660729	0.660729
chr19_34	999999	999999	835779	0.83578	0.83578
chr19_36	999998	999998	1.50197e+06	1.50198	1.50198
chr19_39	1000000	1000000	1.57955e+06	1.57955	1.57955
chr19_40	1015267	1015267	1.12812e+06	1.11116	1.11116
chr19_41	999998	999998	1.28825e+06	1.28825	1.28825
chr19_42	998247	998247	802108	0.803517	0.803517
chr19_43	1000000	1000000	1.21569e+06	1.21569	1.21569
chr19_44	1000000	1000000	829097	0.829097	0.829097
chr19_46	1000000	1000000	1.51324e+06	1.51324	1.51324
chr19_47	999999	999999	1.46866e+06	1.46866	1.46866
chr19_49	1000000	1000000	1.43285e+06	1.43285	1.43285
chr19_50	1000000	1000000	1.28536e+06	1.28536	1.28536
chr19_52	999997	999997	783058	0.78306	0.78306
chr19_53	1000000	1000000	725532	0.725532	0.725532
chr19_54	1000001	1000001	821952	0.821951	0.821951
chr19_55	1008114	1008114	758167	0.752065	0.752065
chr19_56	999998	999998	1.23039e+06	1.23039	1.23039
chr19_57	1000002	1000002	896632	0.89663	0.89663
chr19_58	1000000	1000000	796625	0.796625	0.796625
chr20_2	1000003	1000003	1.26102e+06	1.26102	1.26102
chr20_3	1000000	1000000	953187	0.953187	0.953187
chr20_4	1000001	1000001	1.26637e+06	1.26637	1.26637
chr20_5	999999	999999	1.11857e+06	1.11858	1.11858
chr20_6	1000000	1000000	940126	0.940126	0.940126
chr20_18	999999	999999	842743	0.842744	0.842744
chr20_19	1000000	1000000	713914	0.713914	0.713914
chr20_20	1000000	1000000	973563	0.973563	0.973563
chr20_21	999997	999997	931285	0.931288	0.931288
chr20_22	999997	999997	737865	0.737867	0.737867
chr20_24	1000000	1000000	768275	0.768275	0.768275
chr20_25	999999	999999	1.07148e+06	1.07148	1.07148
chr20_33	1000003	1000003	1.3156e+06	1.31559	1.31559
chr20_34	1000000	1000000	1.18046e+06	1.18046	1.18046
chr20_35	999997	999997	1.39195e+06	1.39195	1.39195
chr20_36	1000119	1000119	1.06593e+06	1.0658	1.0658
chr20_37	1040481	1040481	1.38347e+06	1.32965	1.32965
chr20_38	999999	999999	1.01137e+06	1.01137	1.01137
chr20_39	1000241	1000241	1.28537e+06	1.28506	1.28506
chr20_40	999999	999999	527606	0.527607	0.527607
chr20_41	999998	999998	571992	0.571994	0.571994
chr20_42	1000000	1000000	1.13693e+06	1.13693	1.13693
chr20_43	1000000	1000000	743269	0.743269	0.743269
chr20_44	1000000	1000000	793883	0.793883	0.793883
chr20_45	1000001	1000001	1.16522e+06	1.16522	1.16522
chr20_46	999998	999998	1.07717e+06	1.07717	1.07717
chr20_47	1000000	1000000	1.15165e+06	1.15165	1.15165
chr20_49	987793	987793	1.38355e+06	1.40065	1.40065
chr20_50	1000000	1000000	1.35657e+06	1.35657	1.35657
chr20_51	1000000	1000000	1.19793e+06	1.19793	1.19793
chr20_52	1000002	1000002	951262	0.95126	0.95126
chr20_53	1000000	1000000	538199	0.538199	0.538199
chr20_54	1000000	1000000	706287	0.706287	0.706287
chr20_55	1000000	1000000	523327	0.523327	0.523327
chr20_57	1000000	1000000	635424	0.635424	0.635424
chr20_58	1000000	1000000	1.13002e+06	1.13002	1.13002
chr20_59	999999	999999	908604	0.908605	0.908605
chr20_60	1000000	1000000	1.16834e+06	1.16834	1.16834
chr20_61	1000001	1000001	595637	0.595636	0.595636
chr20_62	1000000	1000000	886855	0.886855	0.886855
chr20_63	1056296	1056296	1.32518e+06	1.25455	1.25455
chr20_64	1000001	1000001	1.35115e+06	1.35115	1.35115
chr21_32	999994	999994	1.09945e+06	1.09946	1.09946
chr21_33	999995	999995	1.04079e+06	1.0408	1.0408
chr21_34	999993	999993	1.17001e+06	1.17002	1.17002
chr21_35	999996	999996	815088	0.815092	0.815092
chr21_36	1000001	1000001	553937	0.553936	0.553936
chr21_37	1000002	1000002	1.0469e+06	1.0469	1.0469
chr21_38	1000002	1000002	821158	0.821157	0.821157
chr21_39	999624	999624	668898	0.66915	0.66915
chr21_40	1000001	1000001	790063	0.790063	0.790063
chr21_41	999999	999999	634080	0.63408	0.63408
chr21_42	1048183	1048183	782012	0.746065	0.746065
chr21_43	1000001	1000001	1.23396e+06	1.23396	1.23396
chr21_45	1000034	1000034	1.41263e+06	1.41258	1.41258
chr21_46	999999	999999	889007	0.889007	0.889007
chr22_18	1001876	1001876	1.27747e+06	1.27508	1.27508
chr22_20	1000010	1000010	1.03419e+06	1.03418	1.03418
chr22_23	987770	987770	481447	0.487408	0.487408
chr22_24	1000027	1000027	1.3327e+06	1.33266	1.33266
chr22_25	1053773	1053773	987472	0.937082	0.937082
chr22_26	999999	999999	826871	0.826872	0.826872
chr22_27	999997	999997	966782	0.966785	0.966785
chr22_28	1000025	1000025	998108	0.998083	0.998083
chr22_29	1000000	1000000	815991	0.815991	0.815991
chr22_30	1000001	1000001	1.2341e+06	1.2341	1.2341
chr22_31	999997	999997	1.3633e+06	1.3633	1.3633
chr22_32	1000001	1000001	1.29603e+06	1.29603	1.29603
chr22_33	999998	999998	807878	0.807879	0.807879
chr22_34	1000004	1000004	861472	0.861469	0.861469
chr22_35	1000001	1000001	490481	0.490481	0.490481
chr22_36	1000058	1000058	979829	0.979772	0.979772
chr22_37	999993	999993	1.23839e+06	1.2384	1.2384
chr22_38	999966	999966	1.64424e+06	1.64429	1.64429
chr22_39	999998	999998	1.99434e+06	1.99434	1.99434
chr22_40	999999	999999	1.45258e+06	1.45259	1.45259
chr22_41	1000000	1000000	1.10068e+06	1.10068	1.10068
chr22_42	1000000	1000000	1.97524e+06	1.97524	1.97524
chr22_43	1000002	1000002	1.25864e+06	1.25864	1.25864
chr22_44	999874	999874	1.0296e+06	1.02973	1.02973
chr22_45	1000001	1000001	941561	0.94156	0.94156
chr22_46	999999	999999	1.12834e+06	1.12834	1.12834
chr22_47	1000016	1000016	1.71136e+06	1.71134	1.71134
chr22_48	999853	999853	630285	0.630377	0.630377
chr22_49	1000063	1000063	1.11478e+06	1.11471	1.11471
