chr1_2	996059	996059	1.41577e+06	1.42137	1.42137
chr1_4	1143496	1143496	1.24708e+06	1.09059	1.09059
chr1_5	1000000	1000000	893679	0.893679	0.893679
chr1_6	1000000	1000000	684166	0.684166	0.684166
chr1_7	1000000	1000000	1.05177e+06	1.05177	1.05177
chr1_8	1000000	1000000	867763	0.867763	0.867763
chr1_9	999999	999999	1.57917e+06	1.57917	1.57917
chr1_10	999999	999999	1.65412e+06	1.65413	1.65413
chr1_11	999999	999999	1.41044e+06	1.41044	1.41044
chr1_12	1000000	1000000	1.19861e+06	1.19861	1.19861
chr1_13	954153	954153	805886	0.844609	0.844609
chr1_15	1000001	1000001	1.26295e+06	1.26295	1.26295
chr1_16	999999	999999	1.45352e+06	1.45352	1.45352
chr1_17	1000000	1000000	857580	0.85758	0.85758
chr1_18	999999	999999	1.0949e+06	1.0949	1.0949
chr1_19	1000000	1000000	952553	0.952553	0.952553
chr1_20	999999	999999	1.1134e+06	1.1134	1.1134
chr1_21	1000000	1000000	1.05917e+06	1.05917	1.05917
chr1_22	1000000	1000000	1.29649e+06	1.29649	1.29649
chr1_23	1000000	1000000	1.24366e+06	1.24366	1.24366
chr1_24	999997	999997	988355	0.988358	0.988358
chr1_25	1000001	1000001	1.04068e+06	1.04068	1.04068
chr1_26	1000000	1000000	1.40004e+06	1.40004	1.40004
chr1_27	1000000	1000000	1.35333e+06	1.35333	1.35333
chr1_28	1000020	1000020	1.54631e+06	1.54627	1.54627
chr1_29	1000001	1000001	1.02549e+06	1.02549	1.02549
chr1_30	1146335	1146335	634158	0.553204	0.553204
chr1_31	1000000	1000000	1.07158e+06	1.07158	1.07158
chr1_32	992754	992754	1.60559e+06	1.61731	1.61731
chr1_33	1000000	1000000	1.28713e+06	1.28713	1.28713
chr1_34	1000000	1000000	1.4923e+06	1.4923	1.4923
chr1_35	1000000	1000000	776379	0.776379	0.776379
chr1_36	1000000	1000000	929053	0.929053	0.929053
chr1_37	1000000	1000000	1.28933e+06	1.28933	1.28933
chr1_38	1000071	1000071	973788	0.973718	0.973718
chr1_39	1000000	1000000	740142	0.740142	0.740142
chr1_40	1000000	1000000	1.47736e+06	1.47736	1.47736
chr1_41	1000000	1000000	1.18452e+06	1.18452	1.18452
chr1_42	999999	999999	1.24243e+06	1.24243	1.24243
chr1_43	1000000	1000000	821905	0.821905	0.821905
chr1_44	1000001	1000001	1.77868e+06	1.77868	1.77868
chr1_45	1000000	1000000	2.09536e+06	2.09536	2.09536
chr1_46	1000000	1000000	1.05061e+06	1.05061	1.05061
chr1_47	1000000	1000000	977535	0.977535	0.977535
chr1_48	1000000	1000000	608793	0.608793	0.608793
chr1_49	1000000	1000000	787631	0.787631	0.787631
chr1_51	1000000	1000000	861948	0.861948	0.861948
chr1_52	1000000	1000000	852627	0.852627	0.852627
chr1_53	1000000	1000000	717536	0.717536	0.717536
chr1_54	1000001	1000001	824222	0.824221	0.824221
chr1_55	1000000	1000000	1.37528e+06	1.37528	1.37528
chr1_56	1000000	1000000	722243	0.722243	0.722243
chr1_57	1000000	1000000	853825	0.853825	0.853825
chr1_58	999999	999999	543577	0.543578	0.543578
chr1_59	1000000	1000000	826730	0.82673	0.82673
chr1_60	1000000	1000000	706040	0.70604	0.70604
chr1_61	1000000	1000000	488273	0.488273	0.488273
chr1_62	1000000	1000000	1.05489e+06	1.05489	1.05489
chr1_63	999999	999999	660425	0.660426	0.660426
chr1_64	1000001	1000001	732079	0.732078	0.732078
chr1_65	1000011	1000011	907162	0.907152	0.907152
chr1_66	1000000	1000000	1.05842e+06	1.05842	1.05842
chr1_67	1000000	1000000	1.11449e+06	1.11449	1.11449
chr1_68	1000000	1000000	593317	0.593317	0.593317
chr1_78	999999	999999	1.34637e+06	1.34637	1.34637
chr1_94	999999	999999	687375	0.687375	0.687375
chr1_95	1000000	1000000	789345	0.789345	0.789345
chr1_110	1000000	1000000	2.04727e+06	2.04727	2.04727
chr1_111	1000000	1000000	934115	0.934115	0.934115
chr1_112	1000000	1000000	1.14193e+06	1.14193	1.14193
chr1_113	1000000	1000000	869900	0.8699	0.8699
chr1_117	1000001	1000001	1.19766e+06	1.19766	1.19766
chr1_148	1000674	1000674	520705	0.520354	0.520354
chr1_151	1000529	1000529	1.27141e+06	1.27074	1.27074
chr1_152	1000000	1000000	1.33471e+06	1.33471	1.33471
chr1_153	1000000	1000000	286887	0.286887	0.286887
chr1_154	1000000	1000000	1.04938e+06	1.04938	1.04938
chr1_155	1000000	1000000	1.13038e+06	1.13038	1.13038
chr1_156	997315	997315	1.63672e+06	1.64113	1.64113
chr1_157	1000001	1000001	2.09772e+06	2.09771	2.09771
chr1_158	999998	999998	410343	0.410344	0.410344
chr1_161	1000000	1000000	1.3713e+06	1.3713	1.3713
chr1_163	1000000	1000000	889948	0.889948	0.889948
chr1_166	1000000	1000000	659796	0.659796	0.659796
chr1_168	1000001	1000001	835856	0.835855	0.835855
chr1_176	1000000	1000000	860948	0.860948	0.860948
chr1_181	1000001	1000001	688942	0.688941	0.688941
chr1_182	999999	999999	928540	0.928541	0.928541
chr1_183	1000000	1000000	1.00929e+06	1.00929	1.00929
chr1_184	999999	999999	1.33095e+06	1.33095	1.33095
chr1_185	999998	999998	818321	0.818322	0.818322
chr1_202	1000000	1000000	2.02226e+06	2.02226	2.02226
chr1_203	1000000	1000000	1.14106e+06	1.14106	1.14106
chr1_204	1000000	1000000	1.6705e+06	1.6705	1.6705
chr1_205	1000000	1000000	1.97527e+06	1.97527	1.97527
chr1_206	953579	953579	2.4812e+06	2.60198	2.60198
chr1_208	1000000	1000000	889231	0.889231	0.889231
chr1_209	1000000	1000000	752742	0.752742	0.752742
chr1_210	1000000	1000000	909581	0.909581	0.909581
chr1_211	999997	999997	1.17886e+06	1.17886	1.17886
chr1_212	1000000	1000000	990496	0.990496	0.990496
chr1_213	1000000	1000000	1.19834e+06	1.19834	1.19834
chr1_226	999999	999999	1.13808e+06	1.13808	1.13808
chr1_227	1000000	1000000	1.58584e+06	1.58584	1.58584
chr1_228	1000000	1000000	846576	0.846576	0.846576
chr1_230	1000000	1000000	1.47488e+06	1.47488	1.47488
chr1_231	999999	999999	1.75405e+06	1.75405	1.75405
chr1_232	1000000	1000000	926510	0.92651	0.92651
chr1_233	1000000	1000000	736485	0.736485	0.736485
chr1_234	1000000	1000000	791420	0.79142	0.79142
chr1_235	1000001	1000001	1.53598e+06	1.53598	1.53598
chr1_236	1027553	1027553	813916	0.792091	0.792091
chr1_244	1000000	1000000	968836	0.968836	0.968836
chr1_245	1000000	1000000	997807	0.997807	0.997807
chr1_246	1000000	1000000	626128	0.626128	0.626128
chr1_247	1000000	1000000	659479	0.659479	0.659479
chr2_1	985686	985686	546416	0.554351	0.554351
chr2_3	1000000	1000000	949477	0.949477	0.949477
chr2_8	1000000	1000000	641113	0.641113	0.641113
chr2_9	999998	999998	990059	0.99006	0.99006
chr2_10	999999	999999	1.22448e+06	1.22448	1.22448
chr2_12	1000000	1000000	1.06742e+06	1.06742	1.06742
chr2_16	999998	999998	831275	0.831276	0.831276
chr2_21	1023111	1023111	1.15598e+06	1.12987	1.12987
chr2_24	999998	999998	775205	0.775207	0.775207
chr2_25	999999	999999	1.1063e+06	1.1063	1.1063
chr2_26	1000000	1000000	1.66912e+06	1.66912	1.66912
chr2_27	999999	999999	1.21651e+06	1.21652	1.21652
chr2_28	999999	999999	926073	0.926074	0.926074
chr2_29	999999	999999	932393	0.932394	0.932394
chr2_30	1000000	1000000	703071	0.703071	0.703071
chr2_31	1000000	1000000	753599	0.753599	0.753599
chr2_32	1002203	1002203	499968	0.498869	0.498869
chr2_38	1000000	1000000	634228	0.634228	0.634228
chr2_39	999998	999998	713394	0.713395	0.713395
chr2_40	999999	999999	704534	0.704535	0.704535
chr2_43	1000000	1000000	972345	0.972345	0.972345
chr2_44	999999	999999	1.2028e+06	1.2028	1.2028
chr2_45	1000000	1000000	765371	0.765371	0.765371
chr2_46	1000000	1000000	778439	0.778439	0.778439
chr2_47	1000000	1000000	1.31773e+06	1.31773	1.31773
chr2_48	1000000	1000000	1.78056e+06	1.78056	1.78056
chr2_49	1000000	1000000	1.10839e+06	1.10839	1.10839
chr2_55	999999	999999	1.52465e+06	1.52465	1.52465
chr2_56	999999	999999	1.33662e+06	1.33662	1.33662
chr2_61	1000000	1000000	670603	0.670603	0.670603
chr2_62	1000000	1000000	945107	0.945107	0.945107
chr2_63	1000000	1000000	696947	0.696947	0.696947
chr2_66	1000000	1000000	826111	0.826111	0.826111
chr2_69	1000000	1000000	742078	0.742078	0.742078
chr2_70	1000000	1000000	1.15646e+06	1.15646	1.15646
chr2_71	999998	999998	1.23517e+06	1.23517	1.23517
chr2_72	1000000	1000000	1.13159e+06	1.13159	1.13159
chr2_73	999999	999999	757172	0.757173	0.757173
chr2_74	999998	999998	741985	0.741986	0.741986
chr2_75	1000000	1000000	1.12705e+06	1.12705	1.12705
chr2_86	1000000	1000000	1.76791e+06	1.76791	1.76791
chr2_99	1000000	1000000	951267	0.951267	0.951267
chr2_100	999999	999999	740406	0.740406	0.740406
chr2_101	1000000	1000000	891445	0.891445	0.891445
chr2_102	1000000	1000000	1.51913e+06	1.51913	1.51913
chr2_103	999996	999996	459375	0.459377	0.459377
chr2_106	999998	999998	947163	0.947165	0.947165
chr2_120	1000000	1000000	742897	0.742897	0.742897
chr2_121	1000000	1000000	810991	0.810991	0.810991
chr2_122	1000000	1000000	919493	0.919493	0.919493
chr2_128	999998	999998	1.57254e+06	1.57254	1.57254
chr2_129	1000000	1000000	848335	0.848335	0.848335
chr2_134	999998	999998	830955	0.830957	0.830957
chr2_135	999999	999999	986478	0.986479	0.986479
chr2_153	1000000	1000000	1.55764e+06	1.55764	1.55764
chr2_171	1000000	1000000	548445	0.548445	0.548445
chr2_172	1008397	1008397	707496	0.701605	0.701605
chr2_173	999821	999821	694652	0.694776	0.694776
chr2_174	1000000	1000000	476039	0.476039	0.476039
chr2_175	1000000	1000000	964960	0.96496	0.96496
chr2_198	1000000	1000000	1.36711e+06	1.36711	1.36711
chr2_201	1000000	1000000	970272	0.970272	0.970272
chr2_202	1000000	1000000	756392	0.756392	0.756392
chr2_203	1000000	1000000	636473	0.636473	0.636473
chr2_204	1000000	1000000	717921	0.717921	0.717921
chr2_206	1000001	1000001	524101	0.524101	0.524101
chr2_207	1000000	1000000	619613	0.619613	0.619613
chr2_208	1000000	1000000	1.36085e+06	1.36085	1.36085
chr2_217	1000000	1000000	905590	0.90559	0.90559
chr2_218	1000000	1000000	977546	0.977546	0.977546
chr2_219	999999	999999	1.11998e+06	1.11998	1.11998
chr2_220	999999	999999	974549	0.97455	0.97455
chr2_223	999999	999999	636389	0.63639	0.63639
chr2_225	1000000	1000000	809155	0.809155	0.809155
chr2_230	1000000	1000000	901449	0.901449	0.901449
chr2_231	999999	999999	734822	0.734823	0.734823
chr2_232	999995	999995	1.54972e+06	1.54972	1.54972
chr2_233	1000000	1000000	1.31795e+06	1.31795	1.31795
chr2_234	1043934	1043934	985220	0.943757	0.943757
chr2_236	1000000	1000000	1.82458e+06	1.82458	1.82458
chr2_237	999999	999999	749257	0.749258	0.749258
chr2_238	999999	999999	774533	0.774534	0.774534
chr2_239	1013054	1013054	822794	0.812191	0.812191
chr3_10	1000000	1000000	1.21989e+06	1.21989	1.21989
chr3_11	1000002	1000002	1.4522e+06	1.4522	1.4522
chr3_12	999788	999788	1.24224e+06	1.2425	1.2425
chr3_13	1000026	1000026	1.05823e+06	1.0582	1.0582
chr3_14	1000000	1000000	1.40575e+06	1.40575	1.40575
chr3_34	1000000	1000000	824202	0.824202	0.824202
chr3_38	1000000	1000000	1.08714e+06	1.08714	1.08714
chr3_42	1000001	1000001	452824	0.452824	0.452824
chr3_43	1000000	1000000	1.59884e+06	1.59884	1.59884
chr3_44	1000000	1000000	663121	0.663121	0.663121
chr3_45	1000000	1000000	645794	0.645794	0.645794
chr3_46	1000000	1000000	970168	0.970168	0.970168
chr3_47	999998	999998	784834	0.784835	0.784835
chr3_48	1000000	1000000	1.26858e+06	1.26858	1.26858
chr3_49	995943	995943	1.38216e+06	1.38779	1.38779
chr3_51	999998	999998	1.34769e+06	1.3477	1.3477
chr3_53	1000000	1000000	1.75531e+06	1.75531	1.75531
chr3_54	1000011	1000011	1.03962e+06	1.03961	1.03961
chr3_55	1000000	1000000	716041	0.716041	0.716041
chr3_56	1000001	1000001	563890	0.563889	0.563889
chr3_57	1000000	1000000	940477	0.940477	0.940477
chr3_59	999999	999999	1.34756e+06	1.34756	1.34756
chr3_63	1000002	1000002	643966	0.643965	0.643965
chr3_65	999999	999999	820552	0.820552	0.820552
chr3_72	1000000	1000000	1.07952e+06	1.07952	1.07952
chr3_73	1000000	1000000	1.88909e+06	1.88909	1.88909
chr3_115	1000000	1000000	871328	0.871328	0.871328
chr3_118	1000000	1000000	905955	0.905955	0.905955
chr3_120	1000000	1000000	660655	0.660655	0.660655
chr3_121	1000000	1000000	684563	0.684563	0.684563
chr3_124	1000000	1000000	1.26588e+06	1.26588	1.26588
chr3_125	999997	999997	1.09029e+06	1.09029	1.09029
chr3_126	999999	999999	777924	0.777925	0.777925
chr3_127	1000000	1000000	878066	0.878066	0.878066
chr3_128	1000000	1000000	1.09399e+06	1.09399	1.09399
chr3_129	1000000	1000000	903091	0.903091	0.903091
chr3_130	1000000	1000000	1.34705e+06	1.34705	1.34705
chr3_135	999998	999998	1.03182e+06	1.03183	1.03183
chr3_142	1000000	1000000	920745	0.920745	0.920745
chr3_144	1000000	1000000	730628	0.730628	0.730628
chr3_150	1000000	1000000	810026	0.810026	0.810026
chr3_180	1000000	1000000	1.01939e+06	1.01939	1.01939
chr3_183	1000000	1000000	742158	0.742158	0.742158
chr3_185	1000000	1000000	1.01588e+06	1.01588	1.01588
chr3_186	1000001	1000001	689468	0.689468	0.689468
chr3_187	999999	999999	1.07693e+06	1.07693	1.07693
chr3_189	1000001	1000001	858200	0.858199	0.858199
chr4_3	1000000	1000000	1.36551e+06	1.36551	1.36551
chr4_4	1000000	1000000	826974	0.826974	0.826974
chr4_5	1000000	1000000	618065	0.618065	0.618065
chr4_6	1000000	1000000	466800	0.4668	0.4668
chr4_9	999999	999999	863314	0.863315	0.863315
chr4_17	1000000	1000000	911376	0.911376	0.911376
chr4_25	999999	999999	971519	0.97152	0.97152
chr4_26	1000000	1000000	715984	0.715984	0.715984
chr4_27	1000000	1000000	1.02461e+06	1.02461	1.02461
chr4_39	999999	999999	1.32329e+06	1.32329	1.32329
chr4_40	1000000	1000000	919165	0.919165	0.919165
chr4_42	1000000	1000000	1.47654e+06	1.47654	1.47654
chr4_140	1000000	1000000	1.15913e+06	1.15913	1.15913
chr4_152	1000000	1000000	1.05006e+06	1.05006	1.05006
chr4_153	1000000	1000000	748274	0.748274	0.748274
chr4_154	1000000	1000000	1.22363e+06	1.22363	1.22363
chr4_184	1000000	1000000	815294	0.815294	0.815294
chr4_185	1000001	1000001	1.19945e+06	1.19945	1.19945
chr4_186	1000000	1000000	768928	0.768928	0.768928
chr5_11	1000000	1000000	959155	0.959155	0.959155
chr5_12	1000000	1000000	1.25649e+06	1.25649	1.25649
chr5_15	1000000	1000000	1.13777e+06	1.13777	1.13777
chr5_32	999999	999999	810723	0.810724	0.810724
chr5_39	1000000	1000000	822761	0.822761	0.822761
chr5_62	1000000	1000000	1.14246e+06	1.14246	1.14246
chr5_67	1000000	1000000	576432	0.576432	0.576432
chr5_68	1000000	1000000	878960	0.87896	0.87896
chr5_69	999999	999999	1.06327e+06	1.06327	1.06327
chr5_73	1000000	1000000	1.02231e+06	1.02231	1.02231
chr5_74	999998	999998	552055	0.552057	0.552057
chr5_78	999999	999999	1.10163e+06	1.10163	1.10163
chr5_80	1000000	1000000	728713	0.728713	0.728713
chr5_125	1000000	1000000	1.56148e+06	1.56148	1.56148
chr5_132	1000000	1000000	1.18579e+06	1.18579	1.18579
chr5_133	999999	999999	1.51582e+06	1.51582	1.51582
chr5_134	999999	999999	941604	0.941605	0.941605
chr5_136	999999	999999	691904	0.691905	0.691905
chr5_137	1000000	1000000	410569	0.410569	0.410569
chr5_138	1000000	1000000	1.47157e+06	1.47157	1.47157
chr5_139	1000000	1000000	1.54875e+06	1.54875	1.54875
chr5_141	1000000	1000000	978382	0.978382	0.978382
chr5_142	999980	999980	1.07162e+06	1.07164	1.07164
chr5_143	1000000	1000000	1.1783e+06	1.1783	1.1783
chr5_144	1000000	1000000	869229	0.869229	0.869229
chr5_148	1000000	1000000	830969	0.830969	0.830969
chr5_149	1000000	1000000	516595	0.516595	0.516595
chr5_150	1000000	1000000	1.13734e+06	1.13734	1.13734
chr5_151	999999	999999	1.56075e+06	1.56075	1.56075
chr5_152	999999	999999	858649	0.858649	0.858649
chr5_155	1000000	1000000	960082	0.960082	0.960082
chr5_158	999997	999997	943202	0.943204	0.943204
chr5_160	999999	999999	572771	0.572772	0.572772
chr5_168	1000000	1000000	497332	0.497332	0.497332
chr5_169	1000000	1000000	786810	0.78681	0.78681
chr5_171	1000000	1000000	774820	0.77482	0.77482
chr5_173	999999	999999	1.65249e+06	1.65249	1.65249
chr5_174	1000000	1000000	1.3372e+06	1.3372	1.3372
chr5_175	1000000	1000000	745099	0.745099	0.745099
chr5_180	999999	999999	996180	0.996181	0.996181
chr5_181	1000000	1000000	1.1573e+06	1.1573	1.1573
chr6_3	1000000	1000000	853157	0.853157	0.853157
chr6_4	1000000	1000000	1.69667e+06	1.69667	1.69667
chr6_5	1000000	1000000	745139	0.745139	0.745139
chr6_6	999999	999999	968552	0.968553	0.968553
chr6_7	1000000	1000000	659418	0.659418	0.659418
chr6_8	1000000	1000000	670553	0.670553	0.670553
chr6_12	1000000	1000000	826382	0.826382	0.826382
chr6_13	999999	999999	680906	0.680907	0.680907
chr6_14	999999	999999	1.187e+06	1.187	1.187
chr6_15	1000000	1000000	671092	0.671092	0.671092
chr6_16	1000000	1000000	923425	0.923425	0.923425
chr6_17	1000000	1000000	1.3736e+06	1.3736	1.3736
chr6_18	1000000	1000000	1.01813e+06	1.01813	1.01813
chr6_25	1000000	1000000	628561	0.628561	0.628561
chr6_26	1000000	1000000	536000	0.536	0.536
chr6_28	999999	999999	550470	0.55047	0.55047
chr6_29	999999	999999	340791	0.340791	0.340791
chr6_30	1000000	1000000	71.331	7.1331e-05	7.1331e-05
chr6_31	1000000	1000000	71.331	7.1331e-05	7.1331e-05
chr6_32	1000000	1000000	784.66	0.00078466	0.00078466
chr6_33	1000000	1000000	39436.2	0.0394362	0.0394362
chr6_36	1000000	1000000	1.15611e+06	1.15611	1.15611
chr6_37	999999	999999	1.32979e+06	1.32979	1.32979
chr6_38	1000000	1000000	1.1767e+06	1.1767	1.1767
chr6_41	1000000	1000000	779229	0.779229	0.779229
chr6_42	999999	999999	1.23864e+06	1.23864	1.23864
chr6_43	1000000	1000000	939218	0.939218	0.939218
chr6_44	999999	999999	1.07384e+06	1.07384	1.07384
chr6_47	1000000	1000000	911383	0.911383	0.911383
chr6_54	1000000	1000000	1.231e+06	1.231	1.231
chr6_90	1000000	1000000	868697	0.868697	0.868697
chr6_108	1000000	1000000	773644	0.773644	0.773644
chr6_109	999999	999999	1.00866e+06	1.00866	1.00866
chr6_110	1000000	1000000	865442	0.865442	0.865442
chr6_111	1000000	1000000	1.5118e+06	1.5118	1.5118
chr6_112	1000000	1000000	1.11768e+06	1.11768	1.11768
chr6_135	1000000	1000000	1.69796e+06	1.69796	1.69796
chr6_137	999999	999999	1.19991e+06	1.19992	1.19992
chr6_149	1000000	1000000	1.2459e+06	1.2459	1.2459
chr6_150	1000000	1000000	934215	0.934215	0.934215
chr6_151	1000000	1000000	841735	0.841735	0.841735
chr6_155	999999	999999	955880	0.955881	0.955881
chr6_159	1000000	1000000	1.65496e+06	1.65496	1.65496
chr6_160	1000000	1000000	655193	0.655193	0.655193
chr6_162	1000000	1000000	1.20289e+06	1.20289	1.20289
chr6_163	1000000	1000000	649811	0.649811	0.649811
chr6_164	1000000	1000000	1.95925e+06	1.95925	1.95925
chr6_165	992457	992457	652856	0.657818	0.657818
chr6_166	999999	999999	574192	0.574193	0.574193
chr6_167	1000000	1000000	1.21578e+06	1.21578	1.21578
chr6_169	999415	999415	811691	0.812166	0.812166
chr7_3	999999	999999	1.57315e+06	1.57315	1.57315
chr7_4	999998	999998	539430	0.539431	0.539431
chr7_5	999999	999999	984655	0.984656	0.984656
chr7_6	1000000	1000000	1.48249e+06	1.48249	1.48249
chr7_7	1000000	1000000	817825	0.817825	0.817825
chr7_26	1000001	1000001	610762	0.610762	0.610762
chr7_27	999999	999999	524806	0.524806	0.524806
chr7_28	1000000	1000000	586663	0.586663	0.586663
chr7_29	999997	999997	1.26351e+06	1.26352	1.26352
chr7_30	1000000	1000000	1.30319e+06	1.30319	1.30319
chr7_31	999999	999999	1.0778e+06	1.0778	1.0778
chr7_32	999997	999997	697605	0.697607	0.697607
chr7_33	1000000	1000000	809997	0.809997	0.809997
chr7_37	999995	999995	1.32977e+06	1.32977	1.32977
chr7_44	1000000	1000000	782015	0.782015	0.782015
chr7_45	1000000	1000000	1.22403e+06	1.22403	1.22403
chr7_48	999999	999999	723226	0.723227	0.723227
chr7_67	1000000	1000000	1.06481e+06	1.06481	1.06481
chr7_68	1000000	1000000	435737	0.435737	0.435737
chr7_69	1000000	1000000	413840	0.41384	0.41384
chr7_70	999999	999999	781491	0.781492	0.781492
chr7_71	1000000	1000000	589747	0.589747	0.589747
chr7_72	999999	999999	678535	0.678536	0.678536
chr7_73	1005538	1005538	567463	0.564338	0.564338
chr7_75	999835	999835	1.43583e+06	1.43607	1.43607
chr7_76	1215153	1215153	807277	0.664342	0.664342
chr7_77	999999	999999	753669	0.75367	0.75367
chr7_78	1000000	1000000	702377	0.702377	0.702377
chr7_99	968311	968311	687172	0.709661	0.709661
chr7_100	1000000	1000000	955615	0.955615	0.955615
chr7_106	999999	999999	1.29349e+06	1.29349	1.29349
chr7_108	1000000	1000000	705824	0.705824	0.705824
chr7_129	1000001	1000001	1.2341e+06	1.2341	1.2341
chr7_130	999786	999786	857423	0.857607	0.857607
chr7_132	1000000	1000000	1.01965e+06	1.01965	1.01965
chr7_133	1000001	1000001	775577	0.775576	0.775576
chr7_134	999993	999993	543308	0.543312	0.543312
chr7_135	999998	999998	857527	0.857528	0.857528
chr7_136	999997	999997	778588	0.77859	0.77859
chr7_140	1015053	1015053	1.48239e+06	1.46041	1.46041
chr7_141	1000001	1000001	936563	0.936562	0.936562
chr7_142	1000000	1000000	859370	0.85937	0.85937
chr7_149	1000000	1000000	780428	0.780428	0.780428
chr7_150	999997	999997	881225	0.881227	0.881227
chr7_151	999999	999999	719246	0.719247	0.719247
chr7_152	999997	999997	1.20412e+06	1.20412	1.20412
chr7_154	1000000	1000000	278625	0.278625	0.278625
chr7_155	1094625	1094625	1.19755e+06	1.09403	1.09403
chr7_156	1000984	1000984	702803	0.702112	0.702112
chr7_157	1000000	1000000	508467	0.508467	0.508467
chr7_158	999998	999998	759869	0.759871	0.759871
chr8_2	998166	998166	1.12563e+06	1.1277	1.1277
chr8_7	1000000	1000000	664013	0.664013	0.664013
chr8_10	1000000	1000000	853131	0.853131	0.853131
chr8_11	1000000	1000000	1.04229e+06	1.04229	1.04229
chr8_12	999999	999999	873078	0.873079	0.873079
chr8_18	1000000	1000000	1.26447e+06	1.26447	1.26447
chr8_19	1000001	1000001	771531	0.771531	0.771531
chr8_20	1000001	1000001	890260	0.890259	0.890259
chr8_21	1000000	1000000	584153	0.584153	0.584153
chr8_22	1000000	1000000	568762	0.568762	0.568762
chr8_23	1000002	1000002	1.33486e+06	1.33486	1.33486
chr8_24	1000000	1000000	701641	0.701641	0.701641
chr8_26	1000001	1000001	756432	0.756431	0.756431
chr8_27	1000001	1000001	1.49412e+06	1.49412	1.49412
chr8_28	1000000	1000000	1.06639e+06	1.06639	1.06639
chr8_29	1000000	1000000	941416	0.941416	0.941416
chr8_30	999999	999999	968699	0.9687	0.9687
chr8_38	1000000	1000000	621958	0.621958	0.621958
chr8_39	1000001	1000001	1.1727e+06	1.1727	1.1727
chr8_42	999999	999999	926371	0.926372	0.926372
chr8_43	997625	997625	1.16335e+06	1.16612	1.16612
chr8_98	1000000	1000000	1.03649e+06	1.03649	1.03649
chr8_99	1000000	1000000	654283	0.654283	0.654283
chr8_101	1000000	1000000	718591	0.718591	0.718591
chr8_102	1000000	1000000	1.0422e+06	1.0422	1.0422
chr8_103	1000000	1000000	829961	0.829961	0.829961
chr8_124	1000000	1000000	989062	0.989062	0.989062
chr8_125	1000002	1000002	1.14001e+06	1.14001	1.14001
chr8_126	1000002	1000002	908899	0.908897	0.908897
chr8_131	1000000	1000000	1.1119e+06	1.1119	1.1119
chr8_133	999998	999998	747417	0.747419	0.747419
chr8_134	999998	999998	1.37202e+06	1.37202	1.37202
chr8_135	1000000	1000000	753756	0.753756	0.753756
chr8_136	1000000	1000000	928260	0.92826	0.92826
chr8_139	1000000	1000000	740357	0.740357	0.740357
chr8_140	997857	997857	1.02141e+06	1.0236	1.0236
chr8_141	999999	999999	1.73227e+06	1.73227	1.73227
chr8_143	1000056	1000056	1.29568e+06	1.29561	1.29561
chr9_5	1000000	1000000	752913	0.752913	0.752913
chr9_35	999999	999999	972921	0.972922	0.972922
chr9_37	1000000	1000000	1.03506e+06	1.03506	1.03506
chr9_38	1000000	1000000	1.11476e+06	1.11476	1.11476
chr9_85	1000000	1000000	843540	0.84354	0.84354
chr9_87	1000000	1000000	584735	0.584735	0.584735
chr9_88	1000000	1000000	663380	0.66338	0.66338
chr9_89	1000000	1000000	636353	0.636353	0.636353
chr9_91	1000000	1000000	511506	0.511506	0.511506
chr9_92	1000000	1000000	602921	0.602921	0.602921
chr9_93	1000000	1000000	734893	0.734893	0.734893
chr9_94	1000000	1000000	887163	0.887163	0.887163
chr9_95	1000000	1000000	1.24073e+06	1.24073	1.24073
chr9_96	1000000	1000000	1.14363e+06	1.14363	1.14363
chr9_97	1000000	1000000	1.16297e+06	1.16297	1.16297
chr9_98	1000000	1000000	857246	0.857246	0.857246
chr9_99	1000000	1000000	1.02647e+06	1.02647	1.02647
chr9_100	1000000	1000000	659907	0.659907	0.659907
chr9_108	1000000	1000000	754053	0.754053	0.754053
chr9_110	1000000	1000000	1.05234e+06	1.05234	1.05234
chr9_111	1000000	1000000	970983	0.970983	0.970983
chr9_112	1000000	1000000	784470	0.78447	0.78447
chr9_113	1000000	1000000	895076	0.895076	0.895076
chr9_114	1000000	1000000	1.16371e+06	1.16371	1.16371
chr9_115	1000000	1000000	1.03313e+06	1.03313	1.03313
chr9_117	1000000	1000000	588378	0.588378	0.588378
chr9_118	999999	999999	976831	0.976832	0.976832
chr9_120	1000000	1000000	650797	0.650797	0.650797
chr9_121	1000000	1000000	1.11075e+06	1.11075	1.11075
chr9_122	1000001	1000001	1.8143e+06	1.81429	1.81429
chr9_123	1000000	1000000	888095	0.888095	0.888095
chr9_124	1000000	1000000	1.00959e+06	1.00959	1.00959
chr9_125	1000000	1000000	1.04993e+06	1.04993	1.04993
chr9_126	1000000	1000000	806384	0.806384	0.806384
chr9_127	1000000	1000000	1.48916e+06	1.48916	1.48916
chr9_128	1000000	1000000	2.01126e+06	2.01126	2.01126
chr9_129	1000000	1000000	1.7177e+06	1.7177	1.7177
chr9_130	1000000	1000000	2.03099e+06	2.03099	2.03099
chr9_131	1113108	1113108	1.05364e+06	0.946573	0.946573
chr9_132	1000000	1000000	1.59106e+06	1.59106	1.59106
chr9_133	1000000	1000000	1.02664e+06	1.02664	1.02664
chr9_134	989735	989735	1.52571e+06	1.54153	1.54153
chr9_136	1000000	1000000	878634	0.878634	0.878634
chr9_137	1002606	1002606	1.54304e+06	1.53903	1.53903
chr10_2	996254	996254	1.11128e+06	1.11546	1.11546
chr10_3	999998	999998	325508	0.325509	0.325509
chr10_4	1000000	1000000	956816	0.956816	0.956816
chr10_5	1000000	1000000	494200	0.4942	0.4942
chr10_6	999771	999771	710661	0.710823	0.710823
chr10_7	999999	999999	1.56929e+06	1.56929	1.56929
chr10_8	1000001	1000001	1.09953e+06	1.09953	1.09953
chr10_12	1000036	1000036	880238	0.880207	0.880207
chr10_13	1000001	1000001	919949	0.919948	0.919948
chr10_14	1000000	1000000	1.00719e+06	1.00719	1.00719
chr10_15	999999	999999	1.09232e+06	1.09232	1.09232
chr10_16	1000000	1000000	812464	0.812464	0.812464
chr10_23	1000000	1000000	1.49762e+06	1.49762	1.49762
chr10_25	1000000	1000000	1.2336e+06	1.2336	1.2336
chr10_30	1000000	1000000	575521	0.575521	0.575521
chr10_31	1000000	1000000	751491	0.751491	0.751491
chr10_32	999999	999999	802217	0.802218	0.802218
chr10_36	1000000	1000000	1.17484e+06	1.17484	1.17484
chr10_44	1000000	1000000	930309	0.930309	0.930309
chr10_49	1000011	1000011	940002	0.939992	0.939992
chr10_50	1551715	1551715	615247	0.396495	0.396495
chr10_61	1000000	1000000	1.41641e+06	1.41641	1.41641
chr10_63	1000001	1000001	871131	0.87113	0.87113
chr10_64	1000000	1000000	910032	0.910032	0.910032
chr10_69	999999	999999	809975	0.809975	0.809975
chr10_70	1000000	1000000	1.04988e+06	1.04988	1.04988
chr10_71	1000001	1000001	1.07385e+06	1.07385	1.07385
chr10_72	1000001	1000001	1.85784e+06	1.85784	1.85784
chr10_73	1000000	1000000	1.40498e+06	1.40498	1.40498
chr10_74	1000000	1000000	1.08586e+06	1.08586	1.08586
chr10_75	1000000	1000000	687137	0.687137	0.687137
chr10_76	1000000	1000000	745741	0.745741	0.745741
chr10_77	1000000	1000000	433321	0.433321	0.433321
chr10_78	1000000	1000000	1.06529e+06	1.06529	1.06529
chr10_79	999999	999999	1.14938e+06	1.14938	1.14938
chr10_80	999999	999999	1.63372e+06	1.63372	1.63372
chr10_81	1000000	1000000	791473	0.791473	0.791473
chr10_87	1000000	1000000	1.80577e+06	1.80577	1.80577
chr10_92	1000000	1000000	829403	0.829403	0.829403
chr10_93	1000000	1000000	724832	0.724832	0.724832
chr10_94	1000000	1000000	599208	0.599208	0.599208
chr10_96	1000000	1000000	821695	0.821695	0.821695
chr10_97	1000000	1000000	938119	0.938119	0.938119
chr10_98	1000000	1000000	1.22692e+06	1.22692	1.22692
chr10_99	1000000	1000000	601080	0.60108	0.60108
chr10_100	1000000	1000000	547816	0.547816	0.547816
chr10_101	1000000	1000000	907609	0.907609	0.907609
chr10_102	1000000	1000000	1.03914e+06	1.03914	1.03914
chr10_103	1000000	1000000	1.258e+06	1.258	1.258
chr10_104	1000001	1000001	1.53069e+06	1.53068	1.53068
chr10_105	1000000	1000000	930887	0.930887	0.930887
chr10_111	1000000	1000000	1.09952e+06	1.09952	1.09952
chr10_113	1000001	1000001	605860	0.60586	0.60586
chr10_114	1000000	1000000	810450	0.81045	0.81045
chr10_115	1000000	1000000	879027	0.879027	0.879027
chr10_117	1000000	1000000	843709	0.843709	0.843709
chr10_118	1000000	1000000	653775	0.653775	0.653775
chr10_119	1000001	1000001	529215	0.529214	0.529214
chr10_120	1000000	1000000	936294	0.936294	0.936294
chr10_121	1000001	1000001	496427	0.496427	0.496427
chr10_122	1000002	1000002	1.8016e+06	1.80159	1.80159
chr10_123	1000001	1000001	1.34958e+06	1.34958	1.34958
chr10_124	1000000	1000000	757945	0.757945	0.757945
chr10_126	1000000	1000000	951920	0.95192	0.95192
chr10_128	1000000	1000000	1.19443e+06	1.19443	1.19443
chr10_129	1000000	1000000	507722	0.507722	0.507722
chr10_130	1000000	1000000	362829	0.362829	0.362829
chr10_131	999999	999999	394390	0.39439	0.39439
chr10_133	1000000	1000000	1.83855e+06	1.83855	1.83855
chr11_3	1000000	1000000	1.05013e+06	1.05013	1.05013
chr11_9	1000000	1000000	889991	0.889991	0.889991
chr11_10	1000000	1000000	1.19282e+06	1.19282	1.19282
chr11_12	1000000	1000000	1.06375e+06	1.06375	1.06375
chr11_13	1000000	1000000	1.04726e+06	1.04726	1.04726
chr11_14	1000000	1000000	707354	0.707354	0.707354
chr11_16	1000000	1000000	468489	0.468489	0.468489
chr11_18	1000000	1000000	908641	0.908641	0.908641
chr11_20	999999	999999	1.115e+06	1.115	1.115
chr11_34	1000001	1000001	1.00011e+06	1.00011	1.00011
chr11_35	1000000	1000000	987385	0.987385	0.987385
chr11_36	1000003	1000003	1.04826e+06	1.04826	1.04826
chr11_37	1000000	1000000	1.17927e+06	1.17927	1.17927
chr11_45	1000001	1000001	919970	0.919969	0.919969
chr11_46	1000000	1000000	1.09151e+06	1.09151	1.09151
chr11_47	1000000	1000000	1.45503e+06	1.45503	1.45503
chr11_48	1000001	1000001	1.3576e+06	1.3576	1.3576
chr11_58	999997	999997	868434	0.868436	0.868436
chr11_63	1000000	1000000	1.34859e+06	1.34859	1.34859
chr11_64	1000000	1000000	1.34702e+06	1.34702	1.34702
chr11_65	1000000	1000000	1.96698e+06	1.96698	1.96698
chr11_66	999999	999999	1.90765e+06	1.90765	1.90765
chr11_67	1000000	1000000	1.16342e+06	1.16342	1.16342
chr11_68	999999	999999	1.01335e+06	1.01336	1.01336
chr11_69	999998	999998	1.15485e+06	1.15485	1.15485
chr11_70	1078638	1078638	648108	0.600858	0.600858
chr11_73	999999	999999	1.52352e+06	1.52352	1.52352
chr11_75	1000000	1000000	847360	0.84736	0.84736
chr11_76	999999	999999	1.38972e+06	1.38972	1.38972
chr11_77	1000000	1000000	923169	0.923169	0.923169
chr11_79	999999	999999	1.27629e+06	1.27629	1.27629
chr11_80	999998	999998	661778	0.661779	0.661779
chr11_84	1000001	1000001	1.23101e+06	1.23101	1.23101
chr11_87	999999	999999	1.01029e+06	1.01029	1.01029
chr11_112	1000000	1000000	1.46032e+06	1.46032	1.46032
chr11_113	999998	999998	1.40247e+06	1.40247	1.40247
chr11_114	1000000	1000000	1.22408e+06	1.22408	1.22408
chr11_115	999998	999998	1.01171e+06	1.01172	1.01172
chr11_116	999998	999998	628594	0.628596	0.628596
chr11_117	999998	999998	953036	0.953038	0.953038
chr11_118	999999	999999	2.82034e+06	2.82035	2.82035
chr11_119	999995	999995	1.27533e+06	1.27534	1.27534
chr11_120	999999	999999	2.09994e+06	2.09994	2.09994
chr11_121	1000000	1000000	1.51599e+06	1.51599	1.51599
chr11_123	1000000	1000000	1.26758e+06	1.26758	1.26758
chr11_124	999999	999999	822691	0.822692	0.822692
chr11_125	999189	999189	855278	0.855972	0.855972
chr11_126	999999	999999	1.19685e+06	1.19685	1.19685
chr11_127	1000001	1000001	1.84464e+06	1.84463	1.84463
chr11_128	999999	999999	428387	0.428388	0.428388
chr11_129	1000000	1000000	698821	0.698821	0.698821
chr11_130	1000000	1000000	462488	0.462488	0.462488
chr11_131	1000000	1000000	947819	0.947819	0.947819
chr11_133	1000001	1000001	941846	0.941845	0.941845
chr11_134	1000000	1000000	821118	0.821118	0.821118
chr11_135	999999	999999	1.22295e+06	1.22295	1.22295
chr12_2	1000000	1000000	1.18132e+06	1.18132	1.18132
chr12_4	1000000	1000000	834503	0.834503	0.834503
chr12_5	1000000	1000000	680116	0.680116	0.680116
chr12_7	998926	998926	1.7967e+06	1.79863	1.79863
chr12_13	1000000	1000000	1.68214e+06	1.68214	1.68214
chr12_14	1000000	1000000	806738	0.806738	0.806738
chr12_27	1000000	1000000	1.27619e+06	1.27619	1.27619
chr12_49	1000000	1000000	697245	0.697245	0.697245
chr12_50	1000000	1000000	1.63461e+06	1.63461	1.63461
chr12_51	1000000	1000000	1.48119e+06	1.48119	1.48119
chr12_52	1000001	1000001	1.40027e+06	1.40027	1.40027
chr12_53	1000000	1000000	946634	0.946634	0.946634
chr12_54	1000000	1000000	1.54482e+06	1.54482	1.54482
chr12_55	1000000	1000000	841172	0.841172	0.841172
chr12_57	1000000	1000000	1.12704e+06	1.12704	1.12704
chr12_58	999999	999999	1.30406e+06	1.30406	1.30406
chr12_94	1000000	1000000	841747	0.841747	0.841747
chr12_95	1000000	1000000	938572	0.938572	0.938572
chr12_99	1000000	1000000	1.01667e+06	1.01667	1.01667
chr12_105	1000000	1000000	792832	0.792832	0.792832
chr12_106	1000000	1000000	766279	0.766279	0.766279
chr12_107	1000000	1000000	1.11742e+06	1.11742	1.11742
chr12_108	999999	999999	469733	0.469733	0.469733
chr12_109	1044028	1044028	1.21536e+06	1.16411	1.16411
chr12_110	1000000	1000000	1.68354e+06	1.68354	1.68354
chr12_111	999999	999999	1.21568e+06	1.21568	1.21568
chr12_112	1000000	1000000	1.04185e+06	1.04185	1.04185
chr12_113	1000001	1000001	1.13117e+06	1.13117	1.13117
chr12_115	1000000	1000000	532117	0.532117	0.532117
chr12_116	1000000	1000000	564833	0.564833	0.564833
chr12_117	1000000	1000000	873339	0.873339	0.873339
chr12_118	1000000	1000000	741105	0.741105	0.741105
chr12_119	1000000	1000000	913153	0.913153	0.913153
chr12_120	999999	999999	760144	0.760145	0.760145
chr12_121	999999	999999	1.34368e+06	1.34368	1.34368
chr12_122	1000103	1000103	1.54813e+06	1.54797	1.54797
chr12_123	1046641	1046641	1.42798e+06	1.36434	1.36434
chr12_124	1000000	1000000	1.34546e+06	1.34546	1.34546
chr12_126	1000000	1000000	1.06729e+06	1.06729	1.06729
chr12_127	999999	999999	401003	0.401003	0.401003
chr12_128	1000000	1000000	687083	0.687083	0.687083
chr12_129	1000000	1000000	858649	0.858649	0.858649
chr12_130	1000000	1000000	578739	0.578739	0.578739
chr13_21	999999	999999	980857	0.980858	0.980858
chr13_22	1000000	1000000	673742	0.673742	0.673742
chr13_26	1000000	1000000	974997	0.974997	0.974997
chr13_27	999999	999999	762746	0.762747	0.762747
chr13_28	1000000	1000000	842580	0.84258	0.84258
chr13_29	1000000	1000000	623161	0.623161	0.623161
chr13_30	1000000	1000000	720415	0.720415	0.720415
chr13_31	1000000	1000000	978225	0.978225	0.978225
chr13_33	1000001	1000001	717536	0.717535	0.717535
chr13_41	999999	999999	1.13783e+06	1.13783	1.13783
chr13_44	1000000	1000000	1.15736e+06	1.15736	1.15736
chr13_45	999999	999999	1.08555e+06	1.08556	1.08556
chr13_46	1000000	1000000	851060	0.85106	0.85106
chr13_47	1000000	1000000	752008	0.752008	0.752008
chr13_50	1000000	1000000	838825	0.838825	0.838825
chr13_51	1000000	1000000	962950	0.96295	0.96295
chr13_52	1000000	1000000	1.30192e+06	1.30192	1.30192
chr13_98	1000000	1000000	1.07956e+06	1.07956	1.07956
chr13_99	1000000	1000000	1.07895e+06	1.07895	1.07895
chr13_100	1000000	1000000	924686	0.924686	0.924686
chr13_101	1000098	1000098	881591	0.881504	0.881504
chr13_111	1000000	1000000	801024	0.801024	0.801024
chr13_113	1000000	1000000	910865	0.910865	0.910865
chr14_25	999997	999997	988254	0.988257	0.988257
chr14_34	1000000	1000000	994573	0.994573	0.994573
chr14_51	1000000	1000000	1.27322e+06	1.27322	1.27322
chr14_52	1000000	1000000	820732	0.820732	0.820732
chr14_56	1000000	1000000	716502	0.716502	0.716502
chr14_65	1000000	1000000	1.23357e+06	1.23357	1.23357
chr14_66	1000000	1000000	1.35298e+06	1.35298	1.35298
chr14_67	999999	999999	500540	0.500541	0.500541
chr14_68	1000000	1000000	1.07968e+06	1.07968	1.07968
chr14_69	1000000	1000000	1.1884e+06	1.1884	1.1884
chr14_70	1000000	1000000	1.13015e+06	1.13015	1.13015
chr14_71	1000000	1000000	584093	0.584093	0.584093
chr14_72	1000000	1000000	860469	0.860469	0.860469
chr14_73	999991	999991	1.0052e+06	1.00521	1.00521
chr14_74	999995	999995	1.29911e+06	1.29911	1.29911
chr14_76	999640	999640	1.49958e+06	1.50012	1.50012
chr14_77	1000000	1000000	1.00602e+06	1.00602	1.00602
chr14_78	1000000	1000000	1.72941e+06	1.72941	1.72941
chr14_79	1000000	1000000	909029	0.909029	0.909029
chr14_90	1000000	1000000	1.09332e+06	1.09332	1.09332
chr14_91	1000000	1000000	1.77075e+06	1.77075	1.77075
chr14_92	1000000	1000000	980788	0.980788	0.980788
chr14_93	1000001	1000001	958581	0.95858	0.95858
chr14_94	1000001	1000001	1.44852e+06	1.44852	1.44852
chr14_95	999991	999991	626185	0.626191	0.626191
chr14_96	1000000	1000000	1.3727e+06	1.3727	1.3727
chr14_97	1000000	1000000	736601	0.736601	0.736601
chr14_98	1000000	1000000	392128	0.392128	0.392128
chr14_99	1000000	1000000	326274	0.326274	0.326274
chr14_100	1000000	1000000	1.17932e+06	1.17932	1.17932
chr14_103	1000000	1000000	1.97945e+06	1.97945	1.97945
chr14_104	1000000	1000000	1.45139e+06	1.45139	1.45139
chr15_28	999999	999999	618853	0.618854	0.618854
chr15_30	1000000	1000000	1.39886e+06	1.39886	1.39886
chr15_32	1000000	1000000	1.56565e+06	1.56565	1.56565
chr15_34	1000000	1000000	593345	0.593345	0.593345
chr15_35	1000000	1000000	560221	0.560221	0.560221
chr15_41	999997	999997	1.01175e+06	1.01175	1.01175
chr15_42	1000000	1000000	1.13904e+06	1.13904	1.13904
chr15_43	1000000	1000000	1.07515e+06	1.07515	1.07515
chr15_44	1000000	1000000	971279	0.971279	0.971279
chr15_45	1000000	1000000	1.10558e+06	1.10558	1.10558
chr15_46	1000000	1000000	1.01311e+06	1.01311	1.01311
chr15_49	1000000	1000000	723940	0.72394	0.72394
chr15_52	1000000	1000000	1.12175e+06	1.12175	1.12175
chr15_53	1000000	1000000	1.02863e+06	1.02863	1.02863
chr15_58	1000000	1000000	1.10915e+06	1.10915	1.10915
chr15_59	1000001	1000001	1.00652e+06	1.00652	1.00652
chr15_60	1000000	1000000	964179	0.964179	0.964179
chr15_61	1000000	1000000	606309	0.606309	0.606309
chr15_62	1000000	1000000	466935	0.466935	0.466935
chr15_63	1000000	1000000	788431	0.788431	0.788431
chr15_64	1000000	1000000	1.12569e+06	1.12569	1.12569
chr15_65	1000139	1000139	1.50893e+06	1.50872	1.50872
chr15_66	1000000	1000000	1.05877e+06	1.05877	1.05877
chr15_67	1000000	1000000	809328	0.809328	0.809328
chr15_68	1000000	1000000	821500	0.8215	0.8215
chr15_69	1000001	1000001	1.67066e+06	1.67066	1.67066
chr15_70	1000000	1000000	798553	0.798553	0.798553
chr15_71	1000000	1000000	977019	0.977019	0.977019
chr15_72	1000002	1000002	598014	0.598013	0.598013
chr15_74	1000000	1000000	861080	0.86108	0.86108
chr15_77	1000000	1000000	699373	0.699373	0.699373
chr15_79	1000000	1000000	1.12246e+06	1.12246	1.12246
chr15_80	1000000	1000000	678805	0.678805	0.678805
chr15_81	999999	999999	1.01033e+06	1.01033	1.01033
chr15_82	1000000	1000000	634436	0.634436	0.634436
chr15_84	1000000	1000000	936981	0.936981	0.936981
chr15_86	1000000	1000000	945429	0.945429	0.945429
chr15_87	1000000	1000000	420148	0.420148	0.420148
chr15_88	1000000	1000000	447523	0.447523	0.447523
chr15_89	1000000	1000000	967470	0.96747	0.96747
chr15_90	1000001	1000001	1.15305e+06	1.15305	1.15305
chr15_91	999998	999998	1.88417e+06	1.88418	1.88418
chr15_92	1000000	1000000	1.26294e+06	1.26294	1.26294
chr15_93	1000000	1000000	1.26679e+06	1.26679	1.26679
chr15_94	999999	999999	526339	0.52634	0.52634
chr15_99	999999	999999	732000	0.732001	0.732001
chr15_100	996976	996976	1.03653e+06	1.03968	1.03968
chr15_101	1000000	1000000	729436	0.729436	0.729436
chr16_1	990000	990000	1.60043e+06	1.6166	1.6166
chr16_2	1000001	1000001	1.01087e+06	1.01087	1.01087
chr16_3	1000000	1000000	1.09434e+06	1.09434	1.09434
chr16_4	1000000	1000000	859578	0.859578	0.859578
chr16_5	1000000	1000000	1.6257e+06	1.6257	1.6257
chr16_6	1000000	1000000	662210	0.66221	0.66221
chr16_7	1000000	1000000	630538	0.630538	0.630538
chr16_8	1000001	1000001	534831	0.53483	0.53483
chr16_9	1043855	1043855	564234	0.540529	0.540529
chr16_10	1000000	1000000	1.07823e+06	1.07823	1.07823
chr16_11	1000000	1000000	837510	0.83751	0.83751
chr16_12	1000000	1000000	1.07858e+06	1.07858	1.07858
chr16_13	1000000	1000000	1.57315e+06	1.57315	1.57315
chr16_14	1000000	1000000	528841	0.528841	0.528841
chr16_15	1000000	1000000	747413	0.747413	0.747413
chr16_16	1000000	1000000	861370	0.86137	0.86137
chr16_17	1000000	1000000	238215	0.238215	0.238215
chr16_18	1000000	1000000	813297	0.813297	0.813297
chr16_20	1000000	1000000	1.7631e+06	1.7631	1.7631
chr16_21	1000000	1000000	405080	0.40508	0.40508
chr16_22	999999	999999	481432	0.481432	0.481432
chr16_23	1000000	1000000	580843	0.580843	0.580843
chr16_24	1000000	1000000	929611	0.929611	0.929611
chr16_25	1000000	1000000	1.14065e+06	1.14065	1.14065
chr16_26	1000000	1000000	547506	0.547506	0.547506
chr16_27	1000000	1000000	404393	0.404393	0.404393
chr16_28	1000000	1000000	1.03809e+06	1.03809	1.03809
chr16_29	1000000	1000000	600030	0.60003	0.60003
chr16_31	1000000	1000000	1.27871e+06	1.27871	1.27871
chr16_32	1000000	1000000	670096	0.670096	0.670096
chr16_48	1000000	1000000	668678	0.668678	0.668678
chr16_49	1000000	1000000	792001	0.792001	0.792001
chr16_50	1000000	1000000	558421	0.558421	0.558421
chr16_51	1000000	1000000	1.32106e+06	1.32106	1.32106
chr16_52	1000001	1000001	1.17863e+06	1.17863	1.17863
chr16_53	1000000	1000000	560046	0.560046	0.560046
chr16_54	1000000	1000000	804958	0.804958	0.804958
chr16_55	1000000	1000000	430401	0.430401	0.430401
chr16_56	1000000	1000000	526325	0.526325	0.526325
chr16_57	1000000	1000000	1.8504e+06	1.8504	1.8504
chr16_58	999992	999992	1.83701e+06	1.83702	1.83702
chr16_59	1000000	1000000	812168	0.812168	0.812168
chr16_67	1000000	1000000	1.25629e+06	1.25629	1.25629
chr16_68	1000000	1000000	1.51255e+06	1.51255	1.51255
chr16_69	1000000	1000000	1.25856e+06	1.25856	1.25856
chr16_70	1000000	1000000	1.30649e+06	1.30649	1.30649
chr16_71	1000000	1000000	793769	0.793769	0.793769
chr16_72	999996	999996	594645	0.594647	0.594647
chr16_73	1000000	1000000	676169	0.676169	0.676169
chr16_74	1000000	1000000	645745	0.645745	0.645745
chr16_75	999999	999999	1.10153e+06	1.10153	1.10153
chr16_76	1000000	1000000	1.572e+06	1.572	1.572
chr16_78	1000000	1000000	527302	0.527302	0.527302
chr16_79	1000000	1000000	727311	0.727311	0.727311
chr16_80	1000000	1000000	707857	0.707857	0.707857
chr16_81	999708	999708	425501	0.425625	0.425625
chr16_82	1000000	1000000	1.25059e+06	1.25059	1.25059
chr16_83	1000000	1000000	694018	0.694018	0.694018
chr16_84	1000000	1000000	840853	0.840853	0.840853
chr16_85	1000001	1000001	1.18069e+06	1.18069	1.18069
chr16_86	1000000	1000000	1.28315e+06	1.28315	1.28315
chr16_87	1000000	1000000	572287	0.572287	0.572287
chr16_88	1000000	1000000	957382	0.957382	0.957382
chr16_89	1032802	1032802	871393	0.843718	0.843718
chr16_90	1000000	1000000	1.23101e+06	1.23101	1.23101
chr17_3	1000000	1000000	1.25997e+06	1.25997	1.25997
chr17_4	1000000	1000000	956941	0.956941	0.956941
chr17_5	1000001	1000001	1.59737e+06	1.59736	1.59736
chr17_6	1000025	1000025	863737	0.863716	0.863716
chr17_7	999999	999999	707264	0.707264	0.707264
chr17_8	999999	999999	1.25297e+06	1.25297	1.25297
chr17_9	999999	999999	1.01797e+06	1.01797	1.01797
chr17_10	1000000	1000000	849346	0.849346	0.849346
chr17_11	1000000	1000000	904782	0.904782	0.904782
chr17_12	1000000	1000000	489688	0.489688	0.489688
chr17_13	1000000	1000000	471757	0.471757	0.471757
chr17_14	1000000	1000000	321298	0.321298	0.321298
chr17_15	1000000	1000000	329959	0.329959	0.329959
chr17_16	999997	999997	795315	0.795317	0.795317
chr17_17	1000000	1000000	971594	0.971594	0.971594
chr17_18	1000000	1000000	2.11963e+06	2.11963	2.11963
chr17_19	999999	999999	723492	0.723493	0.723493
chr17_21	1000000	1000000	850379	0.850379	0.850379
chr17_28	1000000	1000000	1.28478e+06	1.28478	1.28478
chr17_29	999992	999992	1.27557e+06	1.27558	1.27558
chr17_30	1000000	1000000	1.85847e+06	1.85847	1.85847
chr17_31	1000000	1000000	796106	0.796106	0.796106
chr17_32	1000001	1000001	1.28751e+06	1.2875	1.2875
chr17_33	999999	999999	1.37643e+06	1.37643	1.37643
chr17_34	1000001	1000001	580615	0.580614	0.580614
chr17_35	1000000	1000000	655791	0.655791	0.655791
chr17_36	1000017	1000017	977963	0.977947	0.977947
chr17_38	993081	993081	745975	0.751173	0.751173
chr17_40	1000000	1000000	1.00971e+06	1.00971	1.00971
chr17_41	999999	999999	1.20062e+06	1.20062	1.20062
chr17_42	995766	995766	806526	0.809955	0.809955
chr17_43	999999	999999	1.39548e+06	1.39548	1.39548
chr17_45	1000000	1000000	995707	0.995707	0.995707
chr17_47	1000000	1000000	236296	0.236296	0.236296
chr17_48	1000000	1000000	832542	0.832542	0.832542
chr17_49	999996	999996	631294	0.631297	0.631297
chr17_50	1000002	1000002	957903	0.957901	0.957901
chr17_51	999997	999997	1.47412e+06	1.47413	1.47413
chr17_52	999999	999999	1.10192e+06	1.10192	1.10192
chr17_56	1000000	1000000	568535	0.568535	0.568535
chr17_57	1000000	1000000	431498	0.431498	0.431498
chr17_58	1000000	1000000	1.89435e+06	1.89435	1.89435
chr17_59	1000000	1000000	947662	0.947662	0.947662
chr17_60	1000000	1000000	1.41198e+06	1.41198	1.41198
chr17_61	1000000	1000000	1.11278e+06	1.11278	1.11278
chr17_62	1000000	1000000	501188	0.501188	0.501188
chr17_63	1000000	1000000	671296	0.671296	0.671296
chr17_64	999999	999999	961325	0.961326	0.961326
chr17_66	1000000	1000000	789776	0.789776	0.789776
chr17_67	999998	999998	988740	0.988742	0.988742
chr17_68	1000000	1000000	951237	0.951237	0.951237
chr17_69	1000025	1000025	1.03572e+06	1.0357	1.0357
chr17_70	1000000	1000000	567917	0.567917	0.567917
chr17_71	1000000	1000000	753348	0.753348	0.753348
chr17_72	1000000	1000000	435899	0.435899	0.435899
chr17_73	999998	999998	1.15115e+06	1.15116	1.15116
chr17_74	1000000	1000000	1.18397e+06	1.18397	1.18397
chr17_75	999956	999956	1.71859e+06	1.71867	1.71867
chr17_76	999986	999986	1.95028e+06	1.95031	1.95031
chr17_77	1000001	1000001	1.31329e+06	1.31329	1.31329
chr17_78	999999	999999	1.66301e+06	1.66302	1.66302
chr17_79	1000001	1000001	2.68516e+06	2.68515	2.68515
chr17_81	1000001	1000001	1.15162e+06	1.15162	1.15162
chr17_83	1000000	1000000	1.52953e+06	1.52953	1.52953
chr18_4	1000002	1000002	1.09004e+06	1.09004	1.09004
chr18_9	1000000	1000000	718232	0.718232	0.718232
chr18_10	999999	999999	991863	0.991864	0.991864
chr18_11	1000001	1000001	1.08063e+06	1.08062	1.08062
chr18_12	1000001	1000001	655193	0.655192	0.655192
chr18_13	1000000	1000000	781286	0.781286	0.781286
chr18_14	1000000	1000000	1.20077e+06	1.20077	1.20077
chr18_24	1000001	1000001	927676	0.927675	0.927675
chr18_25	1000000	1000000	984115	0.984115	0.984115
chr18_36	999999	999999	1.01192e+06	1.01192	1.01192
chr18_37	1000000	1000000	643515	0.643515	0.643515
chr18_46	1000001	1000001	592516	0.592515	0.592515
chr18_49	999999	999999	1.70172e+06	1.70172	1.70172
chr18_50	1000000	1000000	816345	0.816345	0.816345
chr18_51	1000000	1000000	702162	0.702162	0.702162
chr18_56	1000000	1000000	1.33472e+06	1.33472	1.33472
chr18_58	1000001	1000001	612210	0.612209	0.612209
chr18_59	1000000	1000000	1.23514e+06	1.23514	1.23514
chr18_60	1000000	1000000	554985	0.554985	0.554985
chr18_63	1000000	1000000	1.28628e+06	1.28628	1.28628
chr18_76	999999	999999	616765	0.616766	0.616766
chr18_78	1000000	1000000	848767	0.848767	0.848767
chr19_2	1000000	1000000	1.75527e+06	1.75527	1.75527
chr19_3	999999	999999	1.68287e+06	1.68287	1.68287
chr19_4	1000000	1000000	1.53227e+06	1.53227	1.53227
chr19_5	1000013	1000013	1.43094e+06	1.43092	1.43092
chr19_6	1000000	1000000	1.13183e+06	1.13183	1.13183
chr19_7	1000000	1000000	856621	0.856621	0.856621
chr19_10	1000000	1000000	552685	0.552685	0.552685
chr19_11	1000000	1000000	1.49316e+06	1.49316	1.49316
chr19_12	1000139	1000139	1.09809e+06	1.09793	1.09793
chr19_13	999999	999999	988063	0.988064	0.988064
chr19_14	999998	999998	1.80778e+06	1.80778	1.80778
chr19_15	1000000	1000000	1.132e+06	1.132	1.132
chr19_16	999998	999998	597926	0.597927	0.597927
chr19_17	1000000	1000000	1.04753e+06	1.04753	1.04753
chr19_18	999999	999999	1.41159e+06	1.4116	1.4116
chr19_19	1000000	1000000	1.95974e+06	1.95974	1.95974
chr19_20	1000000	1000000	830688	0.830688	0.830688
chr19_22	999996	999996	525602	0.525605	0.525605
chr19_24	1000000	1000000	322711	0.322711	0.322711
chr19_29	1000000	1000000	395076	0.395076	0.395076
chr19_30	1000000	1000000	1.06901e+06	1.06901	1.06901
chr19_31	999999	999999	1.41724e+06	1.41724	1.41724
chr19_32	1000000	1000000	443119	0.443119	0.443119
chr19_33	1000000	1000000	562494	0.562494	0.562494
chr19_34	999999	999999	710133	0.710134	0.710134
chr19_36	999998	999998	1.55305e+06	1.55305	1.55305
chr19_39	1000000	1000000	1.59512e+06	1.59512	1.59512
chr19_40	1015267	1015267	1.14873e+06	1.13146	1.13146
chr19_41	999998	999998	1.12847e+06	1.12847	1.12847
chr19_42	998247	998247	662131	0.663294	0.663294
chr19_43	1000000	1000000	1.18442e+06	1.18442	1.18442
chr19_44	1000000	1000000	687108	0.687108	0.687108
chr19_46	1000000	1000000	1.36186e+06	1.36186	1.36186
chr19_47	999999	999999	1.48336e+06	1.48336	1.48336
chr19_49	1000000	1000000	1.25963e+06	1.25963	1.25963
chr19_50	1000000	1000000	1.08387e+06	1.08387	1.08387
chr19_52	999997	999997	636989	0.636991	0.636991
chr19_53	1000000	1000000	577841	0.577841	0.577841
chr19_54	1000001	1000001	613911	0.613911	0.613911
chr19_55	1008114	1008114	642670	0.637497	0.637497
chr19_56	999998	999998	1.03425e+06	1.03425	1.03425
chr19_57	1000002	1000002	709815	0.709814	0.709814
chr19_58	1000000	1000000	570128	0.570128	0.570128
chr20_2	1000003	1000003	1.21422e+06	1.21421	1.21421
chr20_3	1000000	1000000	911390	0.91139	0.91139
chr20_4	1000001	1000001	1.19645e+06	1.19645	1.19645
chr20_5	999999	999999	1.22394e+06	1.22394	1.22394
chr20_6	1000000	1000000	950976	0.950976	0.950976
chr20_18	999999	999999	818076	0.818076	0.818076
chr20_19	1000000	1000000	648905	0.648905	0.648905
chr20_20	1000000	1000000	1.0586e+06	1.0586	1.0586
chr20_21	999997	999997	1.0007e+06	1.0007	1.0007
chr20_22	999997	999997	782059	0.782062	0.782062
chr20_24	1000000	1000000	642632	0.642632	0.642632
chr20_25	999999	999999	1.26547e+06	1.26547	1.26547
chr20_33	1000003	1000003	1.4369e+06	1.43689	1.43689
chr20_34	1000000	1000000	1.2368e+06	1.2368	1.2368
chr20_35	999997	999997	1.68366e+06	1.68367	1.68367
chr20_36	1000119	1000119	996704	0.996586	0.996586
chr20_37	1040481	1040481	1.38774e+06	1.33375	1.33375
chr20_38	999999	999999	953349	0.95335	0.95335
chr20_39	1000241	1000241	1.38253e+06	1.3822	1.3822
chr20_40	999999	999999	399772	0.399772	0.399772
chr20_41	999998	999998	467066	0.467067	0.467067
chr20_42	1000000	1000000	1.16921e+06	1.16921	1.16921
chr20_43	1000000	1000000	694291	0.694291	0.694291
chr20_44	1000000	1000000	679794	0.679794	0.679794
chr20_45	1000001	1000001	1.22508e+06	1.22507	1.22507
chr20_46	999998	999998	1.06522e+06	1.06522	1.06522
chr20_47	1000000	1000000	1.12074e+06	1.12074	1.12074
chr20_49	987793	987793	1.621e+06	1.64104	1.64104
chr20_50	1000000	1000000	1.3821e+06	1.3821	1.3821
chr20_51	1000000	1000000	1.14727e+06	1.14727	1.14727
chr20_52	1000002	1000002	960335	0.960333	0.960333
chr20_53	1000000	1000000	423142	0.423142	0.423142
chr20_54	1000000	1000000	729199	0.729199	0.729199
chr20_55	1000000	1000000	468523	0.468523	0.468523
chr20_57	1000000	1000000	483376	0.483376	0.483376
chr20_58	1000000	1000000	1.0542e+06	1.0542	1.0542
chr20_59	999999	999999	748859	0.748859	0.748859
chr20_60	1000000	1000000	1.25571e+06	1.25571	1.25571
chr20_61	1000001	1000001	483503	0.483502	0.483502
chr20_62	1000000	1000000	896211	0.896211	0.896211
chr20_63	1056296	1056296	1.1569e+06	1.09524	1.09524
chr20_64	1000001	1000001	1.06219e+06	1.06219	1.06219
chr21_32	999994	999994	977905	0.977911	0.977911
chr21_33	999995	999995	1.15045e+06	1.15045	1.15045
chr21_34	999993	999993	1.24104e+06	1.24105	1.24105
chr21_35	999996	999996	798931	0.798934	0.798934
chr21_36	1000001	1000001	476410	0.47641	0.47641
chr21_37	1000002	1000002	1.14128e+06	1.14128	1.14128
chr21_38	1000002	1000002	751178	0.751177	0.751177
chr21_39	999624	999624	578565	0.578782	0.578782
chr21_40	1000001	1000001	733315	0.733314	0.733314
chr21_41	999999	999999	624860	0.62486	0.62486
chr21_42	1048183	1048183	721897	0.688712	0.688712
chr21_43	1000001	1000001	1.27104e+06	1.27104	1.27104
chr21_45	1000034	1000034	1.65169e+06	1.65164	1.65164
chr21_46	999999	999999	800268	0.800269	0.800269
chr22_18	1001876	1001876	1.58374e+06	1.58078	1.58078
chr22_20	1000010	1000010	889685	0.889677	0.889677
chr22_23	987770	987770	398637	0.403573	0.403573
chr22_24	1000027	1000027	1.27734e+06	1.27731	1.27731
chr22_25	1053773	1053773	978655	0.928715	0.928715
chr22_26	999999	999999	678419	0.67842	0.67842
chr22_27	999997	999997	798925	0.798927	0.798927
chr22_28	1000025	1000025	1.02301e+06	1.02299	1.02299
chr22_29	1000000	1000000	813043	0.813043	0.813043
chr22_30	1000001	1000001	1.15941e+06	1.15941	1.15941
chr22_31	999997	999997	1.27059e+06	1.2706	1.2706
chr22_32	1000001	1000001	1.30362e+06	1.30362	1.30362
chr22_33	999998	999998	776912	0.776913	0.776913
chr22_34	1000004	1000004	808126	0.808123	0.808123
chr22_35	1000001	1000001	402247	0.402247	0.402247
chr22_36	1000058	1000058	935197	0.935143	0.935143
chr22_37	999993	999993	1.14946e+06	1.14947	1.14947
chr22_38	999966	999966	1.67248e+06	1.67254	1.67254
chr22_39	999998	999998	2.14809e+06	2.1481	2.1481
chr22_40	999999	999999	1.45708e+06	1.45708	1.45708
chr22_41	1000000	1000000	1.10852e+06	1.10852	1.10852
chr22_42	1000000	1000000	1.98325e+06	1.98325	1.98325
chr22_43	1000002	1000002	1.31188e+06	1.31188	1.31188
chr22_44	999874	999874	851887	0.851994	0.851994
chr22_45	1000001	1000001	729117	0.729116	0.729116
chr22_46	999999	999999	993004	0.993005	0.993005
chr22_47	1000016	1000016	1.76245e+06	1.76242	1.76242
chr22_48	999853	999853	489003	0.489075	0.489075
chr22_49	1000063	1000063	1.13634e+06	1.13627	1.13627
