chr1_50	1000000	1000000	343779	0.343779	0.343779
chr1_69	1000000	1000000	523930	0.52393	0.52393
chr1_70	1000000	1000000	580726	0.580726	0.580726
chr1_71	1000000	1000000	413100	0.4131	0.4131
chr1_72	1000000	1000000	499338	0.499338	0.499338
chr1_73	1000000	1000000	337820	0.33782	0.33782
chr1_74	1000001	1000001	256194	0.256193	0.256193
chr1_75	1000000	1000000	408172	0.408172	0.408172
chr1_76	1000001	1000001	337492	0.337492	0.337492
chr1_77	1000000	1000000	739985	0.739985	0.739985
chr1_79	1000001	1000001	322766	0.322766	0.322766
chr1_80	1000000	1000000	259680	0.25968	0.25968
chr1_81	1000000	1000000	201776	0.201776	0.201776
chr1_82	999999	999999	401690	0.40169	0.40169
chr1_83	999999	999999	311435	0.311435	0.311435
chr1_84	1000000	1000000	547942	0.547942	0.547942
chr1_85	1000000	1000000	924945	0.924945	0.924945
chr1_86	1000000	1000000	487725	0.487725	0.487725
chr1_87	1000000	1000000	571791	0.571791	0.571791
chr1_88	1000000	1000000	657805	0.657805	0.657805
chr1_89	1000000	1000000	620649	0.620649	0.620649
chr1_90	999876	999876	1.22326e+06	1.22342	1.22342
chr1_91	999998	999998	372552	0.372553	0.372553
chr1_93	1000000	1000000	806563	0.806563	0.806563
chr1_96	1000000	1000000	525900	0.5259	0.5259
chr1_97	1000000	1000000	548986	0.548986	0.548986
chr1_98	1000000	1000000	724370	0.72437	0.72437
chr1_99	1000000	1000000	359048	0.359048	0.359048
chr1_100	1000000	1000000	430575	0.430575	0.430575
chr1_101	1000000	1000000	542000	0.542	0.542
chr1_102	1000000	1000000	411758	0.411758	0.411758
chr1_103	1000000	1000000	210741	0.210741	0.210741
chr1_105	1000000	1000000	183850	0.18385	0.18385
chr1_106	1000000	1000000	175015	0.175015	0.175015
chr1_107	1000000	1000000	228202	0.228202	0.228202
chr1_108	1000000	1000000	403357	0.403357	0.403357
chr1_109	1000000	1000000	782500	0.7825	0.7825
chr1_114	1000000	1000000	672495	0.672495	0.672495
chr1_115	999999	999999	562620	0.562621	0.562621
chr1_116	1000000	1000000	558263	0.558263	0.558263
chr1_118	1000001	1000001	613310	0.613309	0.613309
chr1_119	1000000	1000000	221726	0.221726	0.221726
chr1_120	1000000	1000000	659847	0.659847	0.659847
chr1_159	1000000	1000000	353266	0.353266	0.353266
chr1_160	1000000	1000000	533819	0.533819	0.533819
chr1_164	999447	999447	440147	0.44039	0.44039
chr1_165	1000000	1000000	880045	0.880045	0.880045
chr1_167	1000000	1000000	580362	0.580362	0.580362
chr1_170	999903	999903	816227	0.816306	0.816306
chr1_171	1000000	1000000	470445	0.470445	0.470445
chr1_172	999999	999999	797431	0.797432	0.797432
chr1_173	1000000	1000000	637294	0.637294	0.637294
chr1_174	999998	999998	538210	0.538211	0.538211
chr1_175	999998	999998	736179	0.736181	0.736181
chr1_177	1000000	1000000	436013	0.436013	0.436013
chr1_178	999999	999999	898257	0.898258	0.898258
chr1_179	1000000	1000000	615596	0.615596	0.615596
chr1_180	1000000	1000000	624937	0.624937	0.624937
chr1_186	1000000	1000000	493321	0.493321	0.493321
chr1_187	1000000	1000000	372259	0.372259	0.372259
chr1_188	999999	999999	241274	0.241274	0.241274
chr1_189	1000000	1000000	179055	0.179055	0.179055
chr1_190	999999	999999	176028	0.176028	0.176028
chr1_191	1000000	1000000	278803	0.278803	0.278803
chr1_192	1000000	1000000	246214	0.246214	0.246214
chr1_193	1000000	1000000	347259	0.347259	0.347259
chr1_194	1000000	1000000	444729	0.444729	0.444729
chr1_195	1000000	1000000	280942	0.280942	0.280942
chr1_196	1000000	1000000	230566	0.230566	0.230566
chr1_197	1000000	1000000	252073	0.252073	0.252073
chr1_198	1000000	1000000	396215	0.396215	0.396215
chr1_199	999999	999999	534194	0.534195	0.534195
chr1_200	999999	999999	400511	0.400511	0.400511
chr1_201	1000000	1000000	827523	0.827523	0.827523
chr1_214	1000001	1000001	662340	0.662339	0.662339
chr1_215	1000000	1000000	667295	0.667295	0.667295
chr1_216	999999	999999	316321	0.316321	0.316321
chr1_217	1000000	1000000	382731	0.382731	0.382731
chr1_218	1000000	1000000	386803	0.386803	0.386803
chr1_219	1000000	1000000	420079	0.420079	0.420079
chr1_220	1000000	1000000	470830	0.47083	0.47083
chr1_221	1000000	1000000	580107	0.580107	0.580107
chr1_222	1000000	1000000	659593	0.659593	0.659593
chr1_223	1000000	1000000	490722	0.490722	0.490722
chr1_238	1000000	1000000	532011	0.532011	0.532011
chr1_239	1000000	1000000	358412	0.358412	0.358412
chr1_240	1000000	1000000	482932	0.482932	0.482932
chr1_241	1000000	1000000	529571	0.529571	0.529571
chr1_242	1000002	1000002	704066	0.704065	0.704065
chr1_243	1000000	1000000	652019	0.652019	0.652019
chr1_248	1000000	1000000	448053	0.448053	0.448053
chr2_6	999999	999999	421023	0.421023	0.421023
chr2_7	999999	999999	701723	0.701724	0.701724
chr2_13	999999	999999	609933	0.609934	0.609934
chr2_15	999999	999999	377910	0.377911	0.377911
chr2_17	1041145	1041145	959042	0.921142	0.921142
chr2_18	999999	999999	553502	0.553503	0.553503
chr2_19	1000007	1000007	396141	0.396138	0.396138
chr2_20	1018488	1018488	557621	0.547498	0.547498
chr2_23	1000000	1000000	338986	0.338986	0.338986
chr2_35	1000000	1000000	423435	0.423435	0.423435
chr2_36	1002073	1002073	239506	0.23901	0.23901
chr2_41	1000000	1000000	398958	0.398958	0.398958
chr2_42	1000000	1000000	491102	0.491102	0.491102
chr2_51	1000000	1000000	630407	0.630407	0.630407
chr2_52	1000000	1000000	302351	0.302351	0.302351
chr2_53	1000000	1000000	253814	0.253814	0.253814
chr2_54	999999	999999	742548	0.742548	0.742548
chr2_57	1000000	1000000	368660	0.36866	0.36866
chr2_58	1000000	1000000	361085	0.361085	0.361085
chr2_59	1000000	1000000	714519	0.714519	0.714519
chr2_60	1000000	1000000	381486	0.381486	0.381486
chr2_64	999999	999999	506649	0.506649	0.506649
chr2_67	999998	999998	604779	0.60478	0.60478
chr2_68	1000000	1000000	319975	0.319975	0.319975
chr2_76	999999	999999	466215	0.466216	0.466216
chr2_77	1000000	1000000	372176	0.372176	0.372176
chr2_78	1000000	1000000	318454	0.318454	0.318454
chr2_79	1000000	1000000	491056	0.491056	0.491056
chr2_80	1000000	1000000	599823	0.599823	0.599823
chr2_81	999998	999998	526517	0.526518	0.526518
chr2_82	1000000	1000000	187006	0.187006	0.187006
chr2_83	1000000	1000000	210809	0.210809	0.210809
chr2_84	1000000	1000000	232655	0.232655	0.232655
chr2_85	999999	999999	612969	0.61297	0.61297
chr2_104	1000000	1000000	243183	0.243183	0.243183
chr2_105	1000000	1000000	1.07597e+06	1.07597	1.07597
chr2_107	1000000	1000000	495416	0.495416	0.495416
chr2_108	1000000	1000000	347542	0.347542	0.347542
chr2_109	1000000	1000000	599147	0.599147	0.599147
chr2_115	1000000	1000000	452835	0.452835	0.452835
chr2_116	999999	999999	352123	0.352123	0.352123
chr2_117	1000000	1000000	288395	0.288395	0.288395
chr2_118	1000000	1000000	324139	0.324139	0.324139
chr2_119	1000000	1000000	358840	0.35884	0.35884
chr2_123	1000000	1000000	352642	0.352642	0.352642
chr2_124	1000001	1000001	200591	0.200591	0.200591
chr2_125	1000000	1000000	606977	0.606977	0.606977
chr2_126	1000000	1000000	322352	0.322352	0.322352
chr2_127	999999	999999	490004	0.490004	0.490004
chr2_130	999999	999999	601582	0.601582	0.601582
chr2_132	1000000	1000000	446688	0.446688	0.446688
chr2_136	1000000	1000000	644963	0.644963	0.644963
chr2_137	1000000	1000000	482596	0.482596	0.482596
chr2_138	1000000	1000000	269421	0.269421	0.269421
chr2_139	1000000	1000000	426319	0.426319	0.426319
chr2_140	999999	999999	316791	0.316792	0.316792
chr2_141	1000000	1000000	397764	0.397764	0.397764
chr2_142	1000000	1000000	614768	0.614768	0.614768
chr2_143	1000000	1000000	403801	0.403801	0.403801
chr2_144	999998	999998	499370	0.499371	0.499371
chr2_145	1000000	1000000	1.32234e+06	1.32234	1.32234
chr2_146	1000001	1000001	490892	0.490891	0.490891
chr2_147	1000000	1000000	264101	0.264101	0.264101
chr2_148	1000001	1000001	372502	0.372502	0.372502
chr2_150	1000000	1000000	436515	0.436515	0.436515
chr2_151	1000000	1000000	334345	0.334345	0.334345
chr2_152	1000000	1000000	608957	0.608957	0.608957
chr2_154	999999	999999	341380	0.341381	0.341381
chr2_155	999999	999999	373039	0.373039	0.373039
chr2_156	1000000	1000000	279623	0.279623	0.279623
chr2_157	1000000	1000000	514996	0.514996	0.514996
chr2_158	1000000	1000000	570341	0.570341	0.570341
chr2_159	1000000	1000000	888964	0.888964	0.888964
chr2_160	999999	999999	949458	0.949458	0.949458
chr2_161	1000000	1000000	432039	0.432039	0.432039
chr2_163	1000000	1000000	498844	0.498844	0.498844
chr2_164	1000000	1000000	453675	0.453675	0.453675
chr2_165	1000000	1000000	397086	0.397086	0.397086
chr2_166	1000000	1000000	591461	0.591461	0.591461
chr2_167	1000000	1000000	249914	0.249914	0.249914
chr2_168	1000000	1000000	458494	0.458494	0.458494
chr2_169	1000000	1000000	823382	0.823382	0.823382
chr2_170	1000000	1000000	790138	0.790138	0.790138
chr2_176	1000000	1000000	381071	0.381071	0.381071
chr2_177	1000000	1000000	556199	0.556199	0.556199
chr2_178	999999	999999	782278	0.782279	0.782279
chr2_179	1000000	1000000	556406	0.556406	0.556406
chr2_180	1000000	1000000	611772	0.611772	0.611772
chr2_181	1000000	1000000	382434	0.382434	0.382434
chr2_183	1000001	1000001	621086	0.621085	0.621085
chr2_184	999999	999999	381446	0.381447	0.381447
chr2_185	1000000	1000000	222638	0.222638	0.222638
chr2_186	1000000	1000000	198125	0.198125	0.198125
chr2_187	1000000	1000000	543295	0.543295	0.543295
chr2_188	1000000	1000000	298829	0.298829	0.298829
chr2_189	999999	999999	311933	0.311934	0.311934
chr2_190	1000000	1000000	455574	0.455574	0.455574
chr2_191	1000000	1000000	1.23569e+06	1.23569	1.23569
chr2_192	1000000	1000000	584724	0.584724	0.584724
chr2_193	1000000	1000000	461494	0.461494	0.461494
chr2_194	999998	999998	179890	0.17989	0.17989
chr2_195	1000000	1000000	203011	0.203011	0.203011
chr2_196	1000000	1000000	478501	0.478501	0.478501
chr2_197	1000000	1000000	871813	0.871813	0.871813
chr2_199	999999	999999	598493	0.598494	0.598494
chr2_200	1000000	1000000	755485	0.755485	0.755485
chr2_205	1000000	1000000	463398	0.463398	0.463398
chr2_209	1000000	1000000	446479	0.446479	0.446479
chr2_210	1000000	1000000	414780	0.41478	0.41478
chr2_211	1000000	1000000	642386	0.642386	0.642386
chr2_212	1000001	1000001	468010	0.468009	0.468009
chr2_213	999999	999999	562439	0.56244	0.56244
chr2_214	1000000	1000000	347283	0.347283	0.347283
chr2_215	1000000	1000000	591954	0.591954	0.591954
chr2_216	999999	999999	591352	0.591353	0.591353
chr2_221	999999	999999	464620	0.464621	0.464621
chr2_222	999999	999999	462760	0.46276	0.46276
chr2_224	999999	999999	613268	0.613269	0.613269
chr2_226	999999	999999	559484	0.559485	0.559485
chr2_228	1000000	1000000	711673	0.711673	0.711673
chr2_229	1000000	1000000	290248	0.290248	0.290248
chr3_2	1000000	1000000	318095	0.318095	0.318095
chr3_3	1000000	1000000	419606	0.419606	0.419606
chr3_6	1000002	1000002	426750	0.426749	0.426749
chr3_7	1000000	1000000	261271	0.261271	0.261271
chr3_8	1000000	1000000	556904	0.556904	0.556904
chr3_9	999997	999997	704392	0.704394	0.704394
chr3_18	1000000	1000000	738901	0.738901	0.738901
chr3_19	1000000	1000000	469487	0.469487	0.469487
chr3_21	1000000	1000000	631835	0.631835	0.631835
chr3_23	999999	999999	267592	0.267592	0.267592
chr3_24	1000000	1000000	1.08184e+06	1.08184	1.08184
chr3_26	1000000	1000000	588586	0.588586	0.588586
chr3_28	1000000	1000000	452658	0.452658	0.452658
chr3_29	1000000	1000000	367473	0.367473	0.367473
chr3_31	1000001	1000001	510376	0.510376	0.510376
chr3_32	1000000	1000000	472490	0.47249	0.47249
chr3_33	1000000	1000000	675111	0.675111	0.675111
chr3_35	1000000	1000000	555650	0.55565	0.55565
chr3_36	1000000	1000000	519962	0.519962	0.519962
chr3_60	1000000	1000000	508426	0.508426	0.508426
chr3_61	999946	999946	495420	0.495447	0.495447
chr3_62	1000002	1000002	709193	0.709192	0.709192
chr3_64	1000000	1000000	537865	0.537865	0.537865
chr3_68	998722	998722	398356	0.398866	0.398866
chr3_71	1000000	1000000	476830	0.47683	0.47683
chr3_74	1000000	1000000	671357	0.671357	0.671357
chr3_75	1000000	1000000	372726	0.372726	0.372726
chr3_77	1000000	1000000	291630	0.29163	0.29163
chr3_78	1000000	1000000	350629	0.350629	0.350629
chr3_80	1000000	1000000	248896	0.248896	0.248896
chr3_82	1000000	1000000	352820	0.35282	0.35282
chr3_83	1000000	1000000	252530	0.25253	0.25253
chr3_84	1000000	1000000	183773	0.183773	0.183773
chr3_85	1000000	1000000	265991	0.265991	0.265991
chr3_86	999999	999999	550215	0.550216	0.550216
chr3_87	1000000	1000000	256347	0.256347	0.256347
chr3_88	1000000	1000000	304726	0.304726	0.304726
chr3_89	1000000	1000000	376739	0.376739	0.376739
chr3_95	1000000	1000000	318608	0.318608	0.318608
chr3_96	1000000	1000000	163826	0.163826	0.163826
chr3_99	1000000	1000000	592958	0.592958	0.592958
chr3_100	1000000	1000000	362092	0.362092	0.362092
chr3_101	1000000	1000000	502493	0.502493	0.502493
chr3_103	1000000	1000000	258033	0.258033	0.258033
chr3_105	1000000	1000000	313587	0.313587	0.313587
chr3_106	1000003	1000003	636123	0.636121	0.636121
chr3_108	1000000	1000000	1.28123e+06	1.28123	1.28123
chr3_110	1000000	1000000	332952	0.332952	0.332952
chr3_111	1000000	1000000	311700	0.3117	0.3117
chr3_113	1000000	1000000	623701	0.623701	0.623701
chr3_114	1000000	1000000	606199	0.606199	0.606199
chr3_116	1000000	1000000	695426	0.695426	0.695426
chr3_117	1000000	1000000	824285	0.824285	0.824285
chr3_119	1000000	1000000	470547	0.470547	0.470547
chr3_131	1000001	1000001	440110	0.440109	0.440109
chr3_132	1000000	1000000	546176	0.546176	0.546176
chr3_133	1000000	1000000	579116	0.579116	0.579116
chr3_141	1000000	1000000	594523	0.594523	0.594523
chr3_143	1000000	1000000	483946	0.483946	0.483946
chr3_145	1000000	1000000	722277	0.722277	0.722277
chr3_146	998945	998945	248203	0.248465	0.248465
chr3_147	1000000	1000000	338378	0.338378	0.338378
chr3_148	1000000	1000000	477710	0.47771	0.47771
chr3_149	1000000	1000000	464171	0.464171	0.464171
chr3_151	1000000	1000000	704064	0.704064	0.704064
chr3_152	1000002	1000002	511257	0.511256	0.511256
chr3_153	1000000	1000000	772906	0.772906	0.772906
chr3_155	1000000	1000000	337111	0.337111	0.337111
chr3_160	999998	999998	1.03538e+06	1.03539	1.03539
chr3_163	1000000	1000000	241308	0.241308	0.241308
chr3_164	1000000	1000000	164263	0.164263	0.164263
chr3_165	1000000	1000000	208021	0.208021	0.208021
chr3_168	1000000	1000000	455320	0.45532	0.45532
chr3_170	1000000	1000000	516010	0.51601	0.51601
chr3_173	1000000	1000000	524431	0.524431	0.524431
chr3_174	1000000	1000000	546007	0.546007	0.546007
chr3_176	999998	999998	372766	0.372767	0.372767
chr3_181	1000000	1000000	512109	0.512109	0.512109
chr3_182	1000000	1000000	1.14668e+06	1.14668	1.14668
chr3_190	1000000	1000000	294041	0.294041	0.294041
chr3_191	1000000	1000000	437835	0.437835	0.437835
chr3_192	1000000	1000000	366711	0.366711	0.366711
chr3_194	1000000	1000000	564224	0.564224	0.564224
chr4_11	1000000	1000000	644934	0.644934	0.644934
chr4_12	1000000	1000000	426488	0.426488	0.426488
chr4_13	1000000	1000000	299486	0.299486	0.299486
chr4_14	1000000	1000000	465448	0.465448	0.465448
chr4_15	1000000	1000000	523842	0.523842	0.523842
chr4_16	999999	999999	869959	0.869959	0.869959
chr4_18	1000000	1000000	861149	0.861149	0.861149
chr4_19	1000000	1000000	323322	0.323322	0.323322
chr4_20	1000000	1000000	262997	0.262997	0.262997
chr4_21	1000000	1000000	521147	0.521147	0.521147
chr4_22	1000000	1000000	442353	0.442353	0.442353
chr4_23	1000000	1000000	371516	0.371516	0.371516
chr4_24	1000000	1000000	392773	0.392773	0.392773
chr4_28	1000000	1000000	431757	0.431757	0.431757
chr4_29	1000000	1000000	447295	0.447295	0.447295
chr4_30	1000000	1000000	254448	0.254448	0.254448
chr4_31	1000000	1000000	315163	0.315163	0.315163
chr4_32	1000000	1000000	228268	0.228268	0.228268
chr4_33	1000000	1000000	195567	0.195567	0.195567
chr4_34	1000000	1000000	224793	0.224793	0.224793
chr4_35	1000000	1000000	182063	0.182063	0.182063
chr4_36	1000000	1000000	296017	0.296017	0.296017
chr4_37	1000000	1000000	845911	0.845911	0.845911
chr4_38	999999	999999	604631	0.604631	0.604631
chr4_43	1000000	1000000	692927	0.692927	0.692927
chr4_44	1000000	1000000	260218	0.260218	0.260218
chr4_45	1000000	1000000	415297	0.415297	0.415297
chr4_46	1000000	1000000	258896	0.258896	0.258896
chr4_47	1000000	1000000	325385	0.325385	0.325385
chr4_48	1000000	1000000	548496	0.548496	0.548496
chr4_49	1000000	1000000	843582	0.843582	0.843582
chr4_53	1000001	1000001	583978	0.583977	0.583977
chr4_54	1000000	1000000	552961	0.552961	0.552961
chr4_55	1000000	1000000	607496	0.607496	0.607496
chr4_57	1000000	1000000	631329	0.631329	0.631329
chr4_58	1000000	1000000	532197	0.532197	0.532197
chr4_60	1000000	1000000	304536	0.304536	0.304536
chr4_61	1000000	1000000	220765	0.220765	0.220765
chr4_62	1000000	1000000	522977	0.522977	0.522977
chr4_63	1000000	1000000	281847	0.281847	0.281847
chr4_64	1000000	1000000	158950	0.15895	0.15895
chr4_65	1000000	1000000	198745	0.198745	0.198745
chr4_66	1000000	1000000	232679	0.232679	0.232679
chr4_67	1000000	1000000	241557	0.241557	0.241557
chr4_68	1000000	1000000	446076	0.446076	0.446076
chr4_69	1000000	1000000	117500	0.1175	0.1175
chr4_70	999999	999999	192626	0.192626	0.192626
chr4_71	1000000	1000000	466872	0.466872	0.466872
chr4_72	1000000	1000000	418217	0.418217	0.418217
chr4_73	1000000	1000000	330731	0.330731	0.330731
chr4_74	1000000	1000000	480414	0.480414	0.480414
chr4_75	1059493	1059493	344994	0.325622	0.325622
chr4_76	995943	995943	599073	0.601514	0.601514
chr4_77	1000000	1000000	885291	0.885291	0.885291
chr4_80	1000000	1000000	256764	0.256764	0.256764
chr4_81	1000000	1000000	306102	0.306102	0.306102
chr4_82	999999	999999	610930	0.61093	0.61093
chr4_83	1000000	1000000	1.22692e+06	1.22692	1.22692
chr4_84	1000000	1000000	480211	0.480211	0.480211
chr4_85	1000000	1000000	544796	0.544796	0.544796
chr4_86	1000000	1000000	466609	0.466609	0.466609
chr4_87	999999	999999	713809	0.713809	0.713809
chr4_88	1000000	1000000	1.00894e+06	1.00894	1.00894
chr4_89	999999	999999	781253	0.781253	0.781253
chr4_90	1000000	1000000	482662	0.482662	0.482662
chr4_91	1000000	1000000	286130	0.28613	0.28613
chr4_92	1000000	1000000	218367	0.218367	0.218367
chr4_93	1000000	1000000	261563	0.261563	0.261563
chr4_94	1000000	1000000	295345	0.295345	0.295345
chr4_95	1000000	1000000	364086	0.364086	0.364086
chr4_96	1000000	1000000	1.24221e+06	1.24221	1.24221
chr4_97	1000000	1000000	313391	0.313391	0.313391
chr4_98	1000000	1000000	264377	0.264377	0.264377
chr4_99	1000000	1000000	1.04297e+06	1.04297	1.04297
chr4_100	1000006	1000006	419775	0.419772	0.419772
chr4_101	1000000	1000000	393441	0.393441	0.393441
chr4_102	1000000	1000000	482756	0.482756	0.482756
chr4_103	1000000	1000000	661684	0.661684	0.661684
chr4_104	1000000	1000000	335420	0.33542	0.33542
chr4_105	1000000	1000000	466715	0.466715	0.466715
chr4_106	1000000	1000000	445601	0.445601	0.445601
chr4_107	1000000	1000000	275787	0.275787	0.275787
chr4_108	999999	999999	461245	0.461245	0.461245
chr4_109	1000000	1000000	444297	0.444297	0.444297
chr4_110	1000000	1000000	413770	0.41377	0.41377
chr4_111	1000000	1000000	452446	0.452446	0.452446
chr4_112	1000000	1000000	243610	0.24361	0.24361
chr4_113	1000000	1000000	739892	0.739892	0.739892
chr4_114	1000000	1000000	851149	0.851149	0.851149
chr4_115	1000000	1000000	596956	0.596956	0.596956
chr4_116	1000000	1000000	196620	0.19662	0.19662
chr4_117	1000000	1000000	194426	0.194426	0.194426
chr4_118	999999	999999	361528	0.361529	0.361529
chr4_119	1000000	1000000	435585	0.435585	0.435585
chr4_121	1000000	1000000	282012	0.282012	0.282012
chr4_122	1000000	1000000	414546	0.414546	0.414546
chr4_123	1000000	1000000	506902	0.506902	0.506902
chr4_124	1000000	1000000	428067	0.428067	0.428067
chr4_125	1000000	1000000	267429	0.267429	0.267429
chr4_126	1000000	1000000	399790	0.39979	0.39979
chr4_127	1000000	1000000	268992	0.268992	0.268992
chr4_128	1000000	1000000	343904	0.343904	0.343904
chr4_129	1000000	1000000	609018	0.609018	0.609018
chr4_130	1000000	1000000	329709	0.329709	0.329709
chr4_131	1000000	1000000	207687	0.207687	0.207687
chr4_132	1000000	1000000	166966	0.166966	0.166966
chr4_133	1000000	1000000	294116	0.294116	0.294116
chr4_134	1000000	1000000	328186	0.328186	0.328186
chr4_135	1000000	1000000	201804	0.201804	0.201804
chr4_136	1000000	1000000	215969	0.215969	0.215969
chr4_137	999999	999999	227338	0.227338	0.227338
chr4_138	1000000	1000000	270141	0.270141	0.270141
chr4_139	1000000	1000000	541518	0.541518	0.541518
chr4_141	1000000	1000000	782146	0.782146	0.782146
chr4_142	999999	999999	318731	0.318731	0.318731
chr4_143	1000000	1000000	325437	0.325437	0.325437
chr4_144	1000000	1000000	749206	0.749206	0.749206
chr4_145	999999	999999	432133	0.432133	0.432133
chr4_146	1000000	1000000	779504	0.779504	0.779504
chr4_148	999999	999999	545765	0.545766	0.545766
chr4_149	1000001	1000001	465467	0.465466	0.465466
chr4_150	1000000	1000000	240300	0.2403	0.2403
chr4_151	1000000	1000000	507300	0.5073	0.5073
chr4_155	1000000	1000000	386336	0.386336	0.386336
chr4_156	1000000	1000000	515617	0.515617	0.515617
chr4_157	1000000	1000000	453346	0.453346	0.453346
chr4_158	1000000	1000000	482983	0.482983	0.482983
chr4_159	1000000	1000000	985044	0.985044	0.985044
chr4_160	1000000	1000000	675757	0.675757	0.675757
chr4_161	1000000	1000000	202674	0.202674	0.202674
chr4_162	1000000	1000000	269310	0.26931	0.26931
chr4_164	1000000	1000000	544921	0.544921	0.544921
chr4_165	1000000	1000000	589440	0.58944	0.58944
chr4_166	1000000	1000000	607720	0.60772	0.60772
chr4_168	1000000	1000000	486408	0.486408	0.486408
chr4_169	1000000	1000000	391234	0.391234	0.391234
chr4_170	1000000	1000000	1.04704e+06	1.04704	1.04704
chr4_171	1000000	1000000	388006	0.388006	0.388006
chr4_172	1000000	1000000	204314	0.204314	0.204314
chr4_173	1000000	1000000	277731	0.277731	0.277731
chr4_174	1000000	1000000	576784	0.576784	0.576784
chr4_175	1000000	1000000	287318	0.287318	0.287318
chr4_176	1000000	1000000	399905	0.399905	0.399905
chr4_177	1000003	1000003	464331	0.46433	0.46433
chr4_178	1000000	1000000	342058	0.342058	0.342058
chr4_179	1000000	1000000	224525	0.224525	0.224525
chr4_180	999999	999999	201929	0.201929	0.201929
chr4_181	1000000	1000000	266917	0.266917	0.266917
chr4_183	1000000	1000000	426570	0.42657	0.42657
chr4_187	1000000	1000000	528532	0.528532	0.528532
chr4_188	1000000	1000000	343045	0.343045	0.343045
chr4_189	1000000	1000000	355465	0.355465	0.355465
chr5_5	999999	999999	298240	0.298241	0.298241
chr5_6	1000000	1000000	484325	0.484325	0.484325
chr5_8	1000000	1000000	740462	0.740462	0.740462
chr5_9	999999	999999	525301	0.525301	0.525301
chr5_10	1000000	1000000	680302	0.680302	0.680302
chr5_13	1000000	1000000	227800	0.2278	0.2278
chr5_14	999997	999997	386075	0.386076	0.386076
chr5_16	1000000	1000000	728579	0.728579	0.728579
chr5_17	1000000	1000000	1.03038e+06	1.03038	1.03038
chr5_19	1000000	1000000	310346	0.310346	0.310346
chr5_20	1000000	1000000	287723	0.287723	0.287723
chr5_21	1000000	1000000	207679	0.207679	0.207679
chr5_23	1000000	1000000	276877	0.276877	0.276877
chr5_24	1000000	1000000	233573	0.233573	0.233573
chr5_25	1000000	1000000	299240	0.29924	0.29924
chr5_27	999998	999998	218795	0.218795	0.218795
chr5_28	1000000	1000000	242538	0.242538	0.242538
chr5_29	1000000	1000000	217925	0.217925	0.217925
chr5_30	1000000	1000000	180941	0.180941	0.180941
chr5_31	1000000	1000000	221606	0.221606	0.221606
chr5_33	1000000	1000000	797464	0.797464	0.797464
chr5_34	999999	999999	383726	0.383726	0.383726
chr5_36	999997	999997	415193	0.415194	0.415194
chr5_37	1000000	1000000	892805	0.892805	0.892805
chr5_38	1000000	1000000	656884	0.656884	0.656884
chr5_40	1000000	1000000	520758	0.520758	0.520758
chr5_41	1000000	1000000	399768	0.399768	0.399768
chr5_42	1000000	1000000	374769	0.374769	0.374769
chr5_43	1000000	1000000	540299	0.540299	0.540299
chr5_44	1000000	1000000	694260	0.69426	0.69426
chr5_45	1000000	1000000	256416	0.256416	0.256416
chr5_52	1000000	1000000	177270	0.17727	0.17727
chr5_53	999996	999996	361003	0.361005	0.361005
chr5_54	1000000	1000000	492063	0.492063	0.492063
chr5_55	999998	999998	722076	0.722078	0.722078
chr5_56	1000000	1000000	930855	0.930855	0.930855
chr5_57	999999	999999	736724	0.736725	0.736725
chr5_58	1000000	1000000	682875	0.682875	0.682875
chr5_59	1000000	1000000	510928	0.510928	0.510928
chr5_60	1000000	1000000	793455	0.793455	0.793455
chr5_63	1000000	1000000	651499	0.651499	0.651499
chr5_65	1000000	1000000	384151	0.384151	0.384151
chr5_66	1000001	1000001	829169	0.829168	0.829168
chr5_76	1000000	1000000	545548	0.545548	0.545548
chr5_77	1000000	1000000	469400	0.4694	0.4694
chr5_82	1000000	1000000	1.06281e+06	1.06281	1.06281
chr5_83	1000000	1000000	599323	0.599323	0.599323
chr5_84	1000000	1000000	537867	0.537867	0.537867
chr5_85	999999	999999	808060	0.808061	0.808061
chr5_87	999999	999999	268806	0.268806	0.268806
chr5_88	1000000	1000000	712393	0.712393	0.712393
chr5_89	1000000	1000000	1.08535e+06	1.08535	1.08535
chr5_90	1000000	1000000	487325	0.487325	0.487325
chr5_91	1000000	1000000	499419	0.499419	0.499419
chr5_92	1000000	1000000	509483	0.509483	0.509483
chr5_93	1039890	1039890	299643	0.288149	0.288149
chr5_96	1000000	1000000	859161	0.859161	0.859161
chr5_97	1000000	1000000	778245	0.778245	0.778245
chr5_98	1000000	1000000	475103	0.475103	0.475103
chr5_99	1000000	1000000	465042	0.465042	0.465042
chr5_100	1000000	1000000	194176	0.194176	0.194176
chr5_102	1000000	1000000	213022	0.213022	0.213022
chr5_103	1000000	1000000	319274	0.319274	0.319274
chr5_104	999997	999997	608451	0.608453	0.608453
chr5_105	1000000	1000000	230960	0.23096	0.23096
chr5_106	1000000	1000000	179882	0.179882	0.179882
chr5_108	1000000	1000000	512386	0.512386	0.512386
chr5_109	1000000	1000000	481668	0.481668	0.481668
chr5_111	999998	999998	382289	0.38229	0.38229
chr5_113	1000000	1000000	821809	0.821809	0.821809
chr5_114	1000000	1000000	571572	0.571572	0.571572
chr5_116	1000000	1000000	651038	0.651038	0.651038
chr5_117	999999	999999	1.05659e+06	1.05659	1.05659
chr5_118	999999	999999	518669	0.518669	0.518669
chr5_119	1000000	1000000	378268	0.378268	0.378268
chr5_121	1000000	1000000	271997	0.271997	0.271997
chr5_122	1000000	1000000	225742	0.225742	0.225742
chr5_123	1000000	1000000	506014	0.506014	0.506014
chr5_126	1000000	1000000	755677	0.755677	0.755677
chr5_127	999999	999999	790778	0.790779	0.790779
chr5_128	1000000	1000000	923017	0.923017	0.923017
chr5_129	1000001	1000001	481612	0.481611	0.481611
chr5_130	1000000	1000000	406398	0.406398	0.406398
chr5_131	1000000	1000000	365265	0.365265	0.365265
chr5_145	999998	999998	376648	0.376648	0.376648
chr5_146	1000000	1000000	440683	0.440683	0.440683
chr5_153	999999	999999	511399	0.5114	0.5114
chr5_156	1047450	1047450	351346	0.33543	0.33543
chr5_159	1000000	1000000	401855	0.401855	0.401855
chr5_161	1000000	1000000	1.12826e+06	1.12826	1.12826
chr5_163	1000000	1000000	307370	0.30737	0.30737
chr5_164	1000000	1000000	527504	0.527504	0.527504
chr5_165	1000000	1000000	227411	0.227411	0.227411
chr5_166	999999	999999	246147	0.246147	0.246147
chr5_167	1000000	1000000	263146	0.263146	0.263146
chr5_170	999999	999999	778667	0.778668	0.778668
chr6_9	1000000	1000000	332200	0.3322	0.3322
chr6_10	1000000	1000000	227889	0.227889	0.227889
chr6_11	1000000	1000000	562503	0.562503	0.562503
chr6_19	1000000	1000000	588347	0.588347	0.588347
chr6_20	1000000	1000000	321963	0.321963	0.321963
chr6_21	1000000	1000000	561758	0.561758	0.561758
chr6_22	999998	999998	561344	0.561345	0.561345
chr6_23	1000000	1000000	457042	0.457042	0.457042
chr6_24	999999	999999	433855	0.433855	0.433855
chr6_46	1000000	1000000	547838	0.547838	0.547838
chr6_48	999999	999999	554323	0.554323	0.554323
chr6_49	999901	999901	274822	0.274849	0.274849
chr6_50	1000076	1000076	225778	0.225761	0.225761
chr6_51	1000000	1000000	212630	0.21263	0.21263
chr6_53	1000000	1000000	724862	0.724862	0.724862
chr6_56	1000000	1000000	242080	0.24208	0.24208
chr6_57	1000000	1000000	925485	0.925485	0.925485
chr6_63	1000000	1000000	279076	0.279076	0.279076
chr6_64	999988	999988	427619	0.427624	0.427624
chr6_65	1000000	1000000	241452	0.241452	0.241452
chr6_66	1000000	1000000	269215	0.269215	0.269215
chr6_67	1000000	1000000	249368	0.249368	0.249368
chr6_68	999999	999999	200144	0.200144	0.200144
chr6_69	1000000	1000000	593801	0.593801	0.593801
chr6_70	1000000	1000000	470471	0.470471	0.470471
chr6_71	999811	999811	472151	0.47224	0.47224
chr6_72	1000000	1000000	468308	0.468308	0.468308
chr6_73	1000020	1000020	475146	0.475137	0.475137
chr6_74	999993	999993	687849	0.687854	0.687854
chr6_75	1000000	1000000	220749	0.220749	0.220749
chr6_76	1000001	1000001	678049	0.678048	0.678048
chr6_77	1000000	1000000	209095	0.209095	0.209095
chr6_78	1000000	1000000	209328	0.209328	0.209328
chr6_79	1000000	1000000	267021	0.267021	0.267021
chr6_80	1000000	1000000	649126	0.649126	0.649126
chr6_81	1000000	1000000	302034	0.302034	0.302034
chr6_82	1000000	1000000	276879	0.276879	0.276879
chr6_83	1000002	1000002	497757	0.497756	0.497756
chr6_84	1000000	1000000	515667	0.515667	0.515667
chr6_85	999999	999999	315472	0.315473	0.315473
chr6_86	1000000	1000000	386634	0.386634	0.386634
chr6_87	1000000	1000000	277442	0.277442	0.277442
chr6_88	1000000	1000000	568755	0.568755	0.568755
chr6_89	1000001	1000001	424670	0.424669	0.424669
chr6_91	999999	999999	744695	0.744696	0.744696
chr6_92	1000000	1000000	271144	0.271144	0.271144
chr6_93	1000000	1000000	217808	0.217808	0.217808
chr6_94	1000000	1000000	249008	0.249008	0.249008
chr6_95	970825	970825	345872	0.356266	0.356266
chr6_97	1000000	1000000	722175	0.722175	0.722175
chr6_98	1000000	1000000	685313	0.685313	0.685313
chr6_99	1000000	1000000	673175	0.673175	0.673175
chr6_100	1000000	1000000	485440	0.48544	0.48544
chr6_101	1000000	1000000	322333	0.322333	0.322333
chr6_102	999999	999999	308098	0.308099	0.308099
chr6_103	1000000	1000000	167933	0.167933	0.167933
chr6_105	1000000	1000000	428298	0.428298	0.428298
chr6_106	1000000	1000000	627350	0.62735	0.62735
chr6_113	999999	999999	517753	0.517754	0.517754
chr6_114	999962	999962	588010	0.588032	0.588032
chr6_115	1000000	1000000	680423	0.680423	0.680423
chr6_117	1000000	1000000	658051	0.658051	0.658051
chr6_118	1000000	1000000	437254	0.437254	0.437254
chr6_119	1000002	1000002	778116	0.778115	0.778115
chr6_120	999981	999981	428689	0.428697	0.428697
chr6_121	1000000	1000000	190446	0.190446	0.190446
chr6_122	1000000	1000000	334483	0.334483	0.334483
chr6_123	999999	999999	451040	0.451041	0.451041
chr6_124	1000000	1000000	447088	0.447088	0.447088
chr6_125	1000001	1000001	561188	0.561188	0.561188
chr6_126	1000000	1000000	1.13206e+06	1.13206	1.13206
chr6_127	999999	999999	282750	0.28275	0.28275
chr6_128	1000000	1000000	509714	0.509714	0.509714
chr6_129	1000000	1000000	821969	0.821969	0.821969
chr6_130	1000000	1000000	730173	0.730173	0.730173
chr6_131	999995	999995	589670	0.589673	0.589673
chr6_132	1000000	1000000	704547	0.704547	0.704547
chr6_133	999999	999999	592442	0.592442	0.592442
chr6_134	999999	999999	540670	0.540671	0.540671
chr6_136	1000000	1000000	491533	0.491533	0.491533
chr6_138	1000000	1000000	712946	0.712946	0.712946
chr6_139	1000000	1000000	889049	0.889049	0.889049
chr6_140	1000000	1000000	613372	0.613372	0.613372
chr6_141	1000000	1000000	303909	0.303909	0.303909
chr6_142	1000000	1000000	247635	0.247635	0.247635
chr6_143	1000000	1000000	689200	0.6892	0.6892
chr6_145	999999	999999	474987	0.474987	0.474987
chr6_146	1000000	1000000	450562	0.450562	0.450562
chr6_147	1000000	1000000	439990	0.43999	0.43999
chr6_148	1000000	1000000	453534	0.453534	0.453534
chr6_152	999999	999999	599144	0.599144	0.599144
chr6_153	1000000	1000000	544947	0.544947	0.544947
chr6_154	1000000	1000000	266787	0.266787	0.266787
chr6_156	1000000	1000000	539347	0.539347	0.539347
chr7_8	1000000	1000000	683350	0.68335	0.68335
chr7_9	999999	999999	527245	0.527246	0.527246
chr7_10	999997	999997	263571	0.263571	0.263571
chr7_11	1000000	1000000	374976	0.374976	0.374976
chr7_12	999999	999999	358074	0.358074	0.358074
chr7_13	999999	999999	391096	0.391096	0.391096
chr7_14	1000000	1000000	329890	0.32989	0.32989
chr7_15	1000000	1000000	327303	0.327303	0.327303
chr7_16	1000000	1000000	381172	0.381172	0.381172
chr7_17	999999	999999	545376	0.545376	0.545376
chr7_18	999999	999999	481920	0.48192	0.48192
chr7_19	1000000	1000000	541125	0.541125	0.541125
chr7_20	1000000	1000000	279846	0.279846	0.279846
chr7_21	999996	999996	425772	0.425774	0.425774
chr7_22	999999	999999	436776	0.436777	0.436777
chr7_23	1000001	1000001	1.30186e+06	1.30186	1.30186
chr7_24	1000000	1000000	600905	0.600905	0.600905
chr7_25	1000000	1000000	572822	0.572822	0.572822
chr7_34	1000000	1000000	594218	0.594218	0.594218
chr7_35	1000000	1000000	516013	0.516013	0.516013
chr7_36	999998	999998	837393	0.837394	0.837394
chr7_38	999997	999997	1.46013e+06	1.46014	1.46014
chr7_39	999998	999998	582179	0.58218	0.58218
chr7_40	999999	999999	575790	0.575791	0.575791
chr7_41	999999	999999	440061	0.440061	0.440061
chr7_42	1000001	1000001	420345	0.420344	0.420344
chr7_43	1000000	1000000	477319	0.477319	0.477319
chr7_47	999999	999999	294156	0.294156	0.294156
chr7_49	999999	999999	364586	0.364586	0.364586
chr7_50	1000000	1000000	291904	0.291904	0.291904
chr7_51	1028101	1028101	737648	0.717486	0.717486
chr7_52	999999	999999	1.34532e+06	1.34532	1.34532
chr7_53	999997	999997	293390	0.293391	0.293391
chr7_54	1000000	1000000	259016	0.259016	0.259016
chr7_55	1000000	1000000	331550	0.33155	0.33155
chr7_56	1000000	1000000	795120	0.79512	0.79512
chr7_64	1000000	1000000	108660	0.10866	0.10866
chr7_65	1000000	1000000	438392	0.438392	0.438392
chr7_79	999999	999999	1.0558e+06	1.0558	1.0558
chr7_80	1000000	1000000	587918	0.587918	0.587918
chr7_81	1000000	1000000	794652	0.794652	0.794652
chr7_82	1000000	1000000	291006	0.291006	0.291006
chr7_83	1000000	1000000	664578	0.664578	0.664578
chr7_84	1000000	1000000	355351	0.355351	0.355351
chr7_85	1000000	1000000	273654	0.273654	0.273654
chr7_86	1000000	1000000	263060	0.26306	0.26306
chr7_87	1000000	1000000	792829	0.792829	0.792829
chr7_88	999999	999999	554996	0.554996	0.554996
chr7_89	999999	999999	412143	0.412143	0.412143
chr7_90	1000000	1000000	259008	0.259008	0.259008
chr7_91	1000001	1000001	438474	0.438474	0.438474
chr7_92	999999	999999	477264	0.477264	0.477264
chr7_93	1000000	1000000	1.06168e+06	1.06168	1.06168
chr7_94	999998	999998	289390	0.28939	0.28939
chr7_95	1000000	1000000	448931	0.448931	0.448931
chr7_96	1000000	1000000	882548	0.882548	0.882548
chr7_97	1000000	1000000	665312	0.665312	0.665312
chr7_98	1000000	1000000	382253	0.382253	0.382253
chr7_104	1000000	1000000	673736	0.673736	0.673736
chr7_105	1000000	1000000	670401	0.670401	0.670401
chr7_107	999999	999999	618501	0.618502	0.618502
chr7_109	999612	999612	560990	0.561207	0.561207
chr7_110	1000000	1000000	245542	0.245542	0.245542
chr7_111	999999	999999	306504	0.306505	0.306505
chr7_112	999999	999999	645518	0.645519	0.645519
chr7_113	1000000	1000000	964106	0.964106	0.964106
chr7_114	1000000	1000000	316992	0.316992	0.316992
chr7_115	999999	999999	297073	0.297074	0.297074
chr7_116	1000000	1000000	232201	0.232201	0.232201
chr7_117	1000000	1000000	577612	0.577612	0.577612
chr7_118	1000000	1000000	861661	0.861661	0.861661
chr7_119	1000000	1000000	277317	0.277317	0.277317
chr7_120	1000000	1000000	202797	0.202797	0.202797
chr7_121	1000000	1000000	363271	0.363271	0.363271
chr7_122	1000000	1000000	430253	0.430253	0.430253
chr7_123	1000000	1000000	380959	0.380959	0.380959
chr7_124	1000000	1000000	384224	0.384224	0.384224
chr7_125	1000000	1000000	826235	0.826235	0.826235
chr7_126	1000000	1000000	243497	0.243497	0.243497
chr7_127	1000000	1000000	305205	0.305205	0.305205
chr7_128	999999	999999	820069	0.82007	0.82007
chr7_137	999999	999999	291607	0.291608	0.291608
chr7_138	999999	999999	1.06499e+06	1.06499	1.06499
chr7_139	1000000	1000000	582750	0.58275	0.58275
chr7_148	1000000	1000000	651986	0.651986	0.651986
chr8_4	1000000	1000000	758583	0.758583	0.758583
chr8_5	1000000	1000000	606666	0.606666	0.606666
chr8_6	1000000	1000000	358968	0.358968	0.358968
chr8_14	1000000	1000000	701844	0.701844	0.701844
chr8_15	1000000	1000000	234751	0.234751	0.234751
chr8_16	1000000	1000000	281528	0.281528	0.281528
chr8_17	1000000	1000000	333896	0.333896	0.333896
chr8_25	1000002	1000002	362279	0.362278	0.362278
chr8_31	1000000	1000000	620333	0.620333	0.620333
chr8_32	1000000	1000000	314827	0.314827	0.314827
chr8_33	1000002	1000002	302022	0.302021	0.302021
chr8_34	1000000	1000000	518371	0.518371	0.518371
chr8_35	1000000	1000000	270090	0.27009	0.27009
chr8_36	1000000	1000000	477976	0.477976	0.477976
chr8_37	1000000	1000000	287306	0.287306	0.287306
chr8_40	1000000	1000000	253874	0.253874	0.253874
chr8_41	1000000	1000000	656170	0.65617	0.65617
chr8_48	1000937	1000937	644031	0.643429	0.643429
chr8_49	999999	999999	482216	0.482217	0.482217
chr8_50	1000001	1000001	293016	0.293016	0.293016
chr8_51	1000000	1000000	296289	0.296289	0.296289
chr8_52	1000000	1000000	382022	0.382022	0.382022
chr8_53	1000000	1000000	887249	0.887249	0.887249
chr8_54	1000000	1000000	425325	0.425325	0.425325
chr8_55	1000000	1000000	424131	0.424131	0.424131
chr8_56	999999	999999	590113	0.590114	0.590114
chr8_57	1000000	1000000	411647	0.411647	0.411647
chr8_59	1000000	1000000	692570	0.69257	0.69257
chr8_61	1000000	1000000	1.04778e+06	1.04778	1.04778
chr8_62	1000000	1000000	557682	0.557682	0.557682
chr8_63	1000000	1000000	344819	0.344819	0.344819
chr8_64	999998	999998	463550	0.46355	0.46355
chr8_65	999678	999678	490957	0.491115	0.491115
chr8_66	1000000	1000000	624975	0.624975	0.624975
chr8_67	1000000	1000000	1.08245e+06	1.08245	1.08245
chr8_69	1000000	1000000	421234	0.421234	0.421234
chr8_71	1000000	1000000	498438	0.498438	0.498438
chr8_73	1000000	1000000	400581	0.400581	0.400581
chr8_74	1000000	1000000	551424	0.551424	0.551424
chr8_75	1000000	1000000	440235	0.440235	0.440235
chr8_77	1000001	1000001	598059	0.598058	0.598058
chr8_78	999999	999999	190592	0.190592	0.190592
chr8_79	1000000	1000000	271434	0.271434	0.271434
chr8_80	1000000	1000000	435997	0.435997	0.435997
chr8_81	1000000	1000000	1.12418e+06	1.12418	1.12418
chr8_83	1000000	1000000	221217	0.221217	0.221217
chr8_84	1000000	1000000	207409	0.207409	0.207409
chr8_85	1000000	1000000	304069	0.304069	0.304069
chr8_87	999999	999999	552907	0.552908	0.552908
chr8_88	1000000	1000000	327755	0.327755	0.327755
chr8_90	999999	999999	413054	0.413055	0.413055
chr8_91	1000000	1000000	705886	0.705886	0.705886
chr8_92	1000000	1000000	343213	0.343213	0.343213
chr8_93	1000000	1000000	523378	0.523378	0.523378
chr8_94	1000000	1000000	511602	0.511602	0.511602
chr8_95	1000000	1000000	564308	0.564308	0.564308
chr8_96	1000000	1000000	464589	0.464589	0.464589
chr8_104	1000000	1000000	618475	0.618475	0.618475
chr8_105	1000000	1000000	557811	0.557811	0.557811
chr8_107	1000000	1000000	538651	0.538651	0.538651
chr8_108	1000000	1000000	438969	0.438969	0.438969
chr8_109	1000001	1000001	549466	0.549465	0.549465
chr8_110	1000000	1000000	434849	0.434849	0.434849
chr8_111	1000000	1000000	345467	0.345467	0.345467
chr8_112	1000000	1000000	274967	0.274967	0.274967
chr8_113	1000000	1000000	278009	0.278009	0.278009
chr8_114	1000000	1000000	293039	0.293039	0.293039
chr8_115	1000000	1000000	183671	0.183671	0.183671
chr8_116	999996	999996	533924	0.533926	0.533926
chr8_117	1000014	1000014	579943	0.579935	0.579935
chr8_118	1000000	1000000	493939	0.493939	0.493939
chr8_119	1000000	1000000	786708	0.786708	0.786708
chr8_120	1000000	1000000	1.2499e+06	1.2499	1.2499
chr8_121	1000001	1000001	460289	0.460288	0.460288
chr8_122	999999	999999	377560	0.37756	0.37756
chr8_123	1000001	1000001	921548	0.921547	0.921547
chr8_127	1000001	1000001	544272	0.544271	0.544271
chr8_128	1000001	1000001	511891	0.51189	0.51189
chr8_129	1000000	1000000	379500	0.3795	0.3795
chr8_130	1000000	1000000	659154	0.659154	0.659154
chr8_132	1000001	1000001	373145	0.373144	0.373144
chr8_137	1000000	1000000	393603	0.393603	0.393603
chr8_138	1000000	1000000	337065	0.337065	0.337065
chr9_2	1000000	1000000	443623	0.443623	0.443623
chr9_3	1000000	1000000	856180	0.85618	0.85618
chr9_4	1000000	1000000	476449	0.476449	0.476449
chr9_6	1000000	1000000	601778	0.601778	0.601778
chr9_7	1000000	1000000	905205	0.905205	0.905205
chr9_8	1000000	1000000	768296	0.768296	0.768296
chr9_9	1000000	1000000	1.3547e+06	1.3547	1.3547
chr9_10	1000000	1000000	460824	0.460824	0.460824
chr9_11	1000000	1000000	309730	0.30973	0.30973
chr9_12	1000000	1000000	255412	0.255412	0.255412
chr9_13	999999	999999	441219	0.441219	0.441219
chr9_14	1000000	1000000	657102	0.657102	0.657102
chr9_15	999999	999999	764310	0.764311	0.764311
chr9_16	1000000	1000000	425769	0.425769	0.425769
chr9_17	1000000	1000000	370168	0.370168	0.370168
chr9_18	1000000	1000000	350604	0.350604	0.350604
chr9_19	1000000	1000000	414282	0.414282	0.414282
chr9_20	1000000	1000000	1.3754e+06	1.3754	1.3754
chr9_21	1000001	1000001	542462	0.542462	0.542462
chr9_22	1000000	1000000	422573	0.422573	0.422573
chr9_23	1000000	1000000	235057	0.235057	0.235057
chr9_24	999999	999999	407764	0.407765	0.407765
chr9_25	1000000	1000000	184458	0.184458	0.184458
chr9_26	1000000	1000000	256586	0.256586	0.256586
chr9_27	1000000	1000000	358911	0.358911	0.358911
chr9_28	1000000	1000000	1.07712e+06	1.07712	1.07712
chr9_29	1000000	1000000	353094	0.353094	0.353094
chr9_30	1000000	1000000	252993	0.252993	0.252993
chr9_31	1000000	1000000	248509	0.248509	0.248509
chr9_32	1000000	1000000	216846	0.216846	0.216846
chr9_33	1000000	1000000	433462	0.433462	0.433462
chr9_70	1000000	1000000	995328	0.995328	0.995328
chr9_72	1000000	1000000	629200	0.6292	0.6292
chr9_73	1000000	1000000	723307	0.723307	0.723307
chr9_74	1000000	1000000	320406	0.320406	0.320406
chr9_75	1000000	1000000	500207	0.500207	0.500207
chr9_76	1000000	1000000	549173	0.549173	0.549173
chr9_78	1000000	1000000	858937	0.858937	0.858937
chr9_79	1000000	1000000	643988	0.643988	0.643988
chr9_80	999999	999999	587308	0.587308	0.587308
chr9_81	1000000	1000000	269344	0.269344	0.269344
chr9_82	1000000	1000000	431585	0.431585	0.431585
chr9_83	1000000	1000000	327073	0.327073	0.327073
chr9_101	1000000	1000000	762675	0.762675	0.762675
chr9_102	1000000	1000000	822490	0.82249	0.82249
chr9_103	1000000	1000000	188168	0.188168	0.188168
chr9_104	999999	999999	228075	0.228076	0.228076
chr9_105	1000000	1000000	473271	0.473271	0.473271
chr9_106	1000000	1000000	1.15034e+06	1.15034	1.15034
chr9_107	1000000	1000000	679485	0.679485	0.679485
chr9_116	999999	999999	404389	0.40439	0.40439
chr9_119	1000000	1000000	389994	0.389994	0.389994
chr10_9	1000000	1000000	258867	0.258867	0.258867
chr10_10	1000000	1000000	315944	0.315944	0.315944
chr10_11	1000000	1000000	740484	0.740484	0.740484
chr10_17	1000000	1000000	424659	0.424659	0.424659
chr10_18	1246930	1246930	442098	0.354549	0.354549
chr10_19	1000000	1000000	491496	0.491496	0.491496
chr10_20	1000000	1000000	563610	0.56361	0.56361
chr10_21	1000000	1000000	700591	0.700591	0.700591
chr10_22	1000000	1000000	749490	0.74949	0.74949
chr10_24	1000000	1000000	626897	0.626897	0.626897
chr10_26	1000000	1000000	505992	0.505992	0.505992
chr10_27	1000000	1000000	536421	0.536421	0.536421
chr10_28	1000000	1000000	429897	0.429897	0.429897
chr10_29	1000000	1000000	705723	0.705723	0.705723
chr10_33	1000000	1000000	568425	0.568425	0.568425
chr10_34	1000000	1000000	478700	0.4787	0.4787
chr10_35	1000000	1000000	444661	0.444661	0.444661
chr10_37	1000000	1000000	343301	0.343301	0.343301
chr10_38	1000000	1000000	302321	0.302321	0.302321
chr10_45	1000000	1000000	722640	0.72264	0.72264
chr10_51	1000000	1000000	806354	0.806354	0.806354
chr10_52	1000000	1000000	503661	0.503661	0.503661
chr10_53	1000000	1000000	327872	0.327872	0.327872
chr10_54	1000000	1000000	252447	0.252447	0.252447
chr10_55	1000000	1000000	228145	0.228145	0.228145
chr10_56	1000000	1000000	207926	0.207926	0.207926
chr10_57	1000000	1000000	165673	0.165673	0.165673
chr10_58	1000000	1000000	240274	0.240274	0.240274
chr10_59	1000000	1000000	702929	0.702929	0.702929
chr10_60	999998	999998	1.26226e+06	1.26227	1.26227
chr10_62	1000001	1000001	727239	0.727238	0.727238
chr10_65	999998	999998	614504	0.614505	0.614505
chr10_66	1000000	1000000	268216	0.268216	0.268216
chr10_67	1000000	1000000	512907	0.512907	0.512907
chr10_68	999999	999999	678990	0.67899	0.67899
chr10_82	1000000	1000000	269443	0.269443	0.269443
chr10_83	1000000	1000000	508991	0.508991	0.508991
chr10_84	1000000	1000000	383827	0.383827	0.383827
chr10_85	1000000	1000000	603935	0.603935	0.603935
chr10_86	1000001	1000001	816446	0.816445	0.816445
chr10_88	1000000	1000000	461586	0.461586	0.461586
chr10_89	1000000	1000000	504844	0.504844	0.504844
chr10_90	1000000	1000000	1.07191e+06	1.07191	1.07191
chr10_91	1000000	1000000	350423	0.350423	0.350423
chr10_95	1000000	1000000	596776	0.596776	0.596776
chr10_106	1000000	1000000	366791	0.366791	0.366791
chr10_107	1000000	1000000	535129	0.535129	0.535129
chr10_108	1000000	1000000	325215	0.325215	0.325215
chr10_109	1000000	1000000	262027	0.262027	0.262027
chr10_110	1000000	1000000	426478	0.426478	0.426478
chr10_112	1000000	1000000	412967	0.412967	0.412967
chr10_116	999752	999752	360538	0.360627	0.360627
chr11_5	1000000	1000000	311049	0.311049	0.311049
chr11_6	1000000	1000000	291608	0.291608	0.291608
chr11_7	1000001	1000001	970399	0.970399	0.970399
chr11_8	1000316	1000316	1.05097e+06	1.05064	1.05064
chr11_15	999999	999999	570705	0.570706	0.570706
chr11_17	1000001	1000001	539922	0.539921	0.539921
chr11_19	1000000	1000000	614935	0.614935	0.614935
chr11_21	1000000	1000000	614116	0.614116	0.614116
chr11_22	1000000	1000000	366120	0.36612	0.36612
chr11_23	1000000	1000000	370015	0.370015	0.370015
chr11_24	1000000	1000000	211543	0.211543	0.211543
chr11_25	1000000	1000000	249947	0.249947	0.249947
chr11_26	1000001	1000001	204381	0.204381	0.204381
chr11_27	1000000	1000000	314868	0.314868	0.314868
chr11_28	1000000	1000000	477836	0.477836	0.477836
chr11_30	1000000	1000000	272812	0.272812	0.272812
chr11_31	1000000	1000000	442546	0.442546	0.442546
chr11_32	999999	999999	353263	0.353263	0.353263
chr11_33	1000000	1000000	383355	0.383355	0.383355
chr11_38	1000000	1000000	223922	0.223922	0.223922
chr11_39	1000000	1000000	184504	0.184504	0.184504
chr11_40	1000000	1000000	271302	0.271302	0.271302
chr11_41	1000000	1000000	592651	0.592651	0.592651
chr11_42	1000000	1000000	341134	0.341134	0.341134
chr11_43	1000000	1000000	362004	0.362004	0.362004
chr11_44	1000000	1000000	553558	0.553558	0.553558
chr11_49	1000000	1000000	644826	0.644826	0.644826
chr11_50	999986	999986	350684	0.350689	0.350689
chr11_56	1000000	1000000	141148	0.141148	0.141148
chr11_57	999999	999999	183587	0.183587	0.183587
chr11_59	1000001	1000001	462587	0.462587	0.462587
chr11_60	1000000	1000000	647182	0.647182	0.647182
chr11_61	999999	999999	492711	0.492712	0.492712
chr11_81	1000000	1000000	342831	0.342831	0.342831
chr11_82	999999	999999	287643	0.287643	0.287643
chr11_83	1000000	1000000	740868	0.740868	0.740868
chr11_85	1000001	1000001	995181	0.99518	0.99518
chr11_86	999999	999999	630310	0.630311	0.630311
chr11_88	977319	977319	426835	0.436741	0.436741
chr11_89	994790	994790	368733	0.370664	0.370664
chr11_90	1000000	1000000	312663	0.312663	0.312663
chr11_91	1000000	1000000	272534	0.272534	0.272534
chr11_92	999998	999998	319356	0.319356	0.319356
chr11_93	1000000	1000000	481177	0.481177	0.481177
chr11_96	1000000	1000000	1.00914e+06	1.00914	1.00914
chr11_97	1137836	1137836	641488	0.563779	0.563779
chr11_98	999728	999728	292121	0.292201	0.292201
chr11_99	1000002	1000002	246630	0.246629	0.246629
chr11_100	1000002	1000002	274097	0.274097	0.274097
chr11_101	999999	999999	373047	0.373047	0.373047
chr11_102	1000000	1000000	288105	0.288105	0.288105
chr11_103	999998	999998	663626	0.663627	0.663627
chr11_105	999999	999999	354587	0.354588	0.354588
chr11_106	1000000	1000000	523041	0.523041	0.523041
chr11_107	999999	999999	537491	0.537491	0.537491
chr11_108	1000000	1000000	461719	0.461719	0.461719
chr11_109	1000001	1000001	699523	0.699523	0.699523
chr11_110	999999	999999	410399	0.4104	0.4104
chr11_111	999998	999998	812733	0.812735	0.812735
chr12_8	1044504	1044504	498795	0.477543	0.477543
chr12_9	1000000	1000000	565604	0.565604	0.565604
chr12_10	1000003	1000003	425332	0.425331	0.425331
chr12_11	1000000	1000000	664838	0.664838	0.664838
chr12_12	1000335	1000335	967599	0.967275	0.967275
chr12_15	1000000	1000000	655062	0.655062	0.655062
chr12_16	1000000	1000000	595897	0.595897	0.595897
chr12_17	1000000	1000000	350769	0.350769	0.350769
chr12_18	1000000	1000000	208593	0.208593	0.208593
chr12_19	1000000	1000000	248601	0.248601	0.248601
chr12_20	1000000	1000000	626707	0.626707	0.626707
chr12_22	1000000	1000000	511396	0.511396	0.511396
chr12_23	1000000	1000000	563272	0.563272	0.563272
chr12_24	1000000	1000000	337918	0.337918	0.337918
chr12_25	1000000	1000000	503548	0.503548	0.503548
chr12_26	999999	999999	536867	0.536868	0.536868
chr12_28	1000000	1000000	844184	0.844184	0.844184
chr12_29	1000000	1000000	385623	0.385623	0.385623
chr12_31	1000002	1000002	484691	0.48469	0.48469
chr12_32	999999	999999	624501	0.624501	0.624501
chr12_33	1000000	1000000	851722	0.851722	0.851722
chr12_34	1000001	1000001	203061	0.203061	0.203061
chr12_39	1000000	1000000	278750	0.27875	0.27875
chr12_40	1000000	1000000	426469	0.426469	0.426469
chr12_41	1000000	1000000	424864	0.424864	0.424864
chr12_43	1000001	1000001	518989	0.518989	0.518989
chr12_44	1000000	1000000	338526	0.338526	0.338526
chr12_45	999980	999980	428943	0.428952	0.428952
chr12_46	1000000	1000000	603532	0.603532	0.603532
chr12_47	1000000	1000000	510956	0.510956	0.510956
chr12_48	1000000	1000000	999653	0.999653	0.999653
chr12_56	1000000	1000000	592542	0.592542	0.592542
chr12_59	999998	999998	442344	0.442345	0.442345
chr12_60	1000000	1000000	427347	0.427347	0.427347
chr12_61	1000000	1000000	207552	0.207552	0.207552
chr12_63	999999	999999	1.12002e+06	1.12002	1.12002
chr12_64	1000000	1000000	470937	0.470937	0.470937
chr12_65	1000000	1000000	831939	0.831939	0.831939
chr12_66	1000000	1000000	343814	0.343814	0.343814
chr12_68	1000000	1000000	544351	0.544351	0.544351
chr12_69	1000000	1000000	788547	0.788547	0.788547
chr12_70	1000000	1000000	774798	0.774798	0.774798
chr12_71	1000000	1000000	840296	0.840296	0.840296
chr12_72	1000000	1000000	631990	0.63199	0.63199
chr12_73	1000000	1000000	403445	0.403445	0.403445
chr12_74	1000000	1000000	199518	0.199518	0.199518
chr12_75	1000000	1000000	388342	0.388342	0.388342
chr12_76	1000000	1000000	557994	0.557994	0.557994
chr12_77	1000000	1000000	675137	0.675137	0.675137
chr12_78	1000000	1000000	517420	0.51742	0.51742
chr12_79	1000000	1000000	454569	0.454569	0.454569
chr12_80	1000000	1000000	536669	0.536669	0.536669
chr12_81	999999	999999	363228	0.363228	0.363228
chr12_82	1000000	1000000	469790	0.46979	0.46979
chr12_83	1000000	1000000	965126	0.965126	0.965126
chr12_84	1000000	1000000	375786	0.375786	0.375786
chr12_85	1000000	1000000	230184	0.230184	0.230184
chr12_86	999999	999999	204311	0.204311	0.204311
chr12_87	999999	999999	241728	0.241728	0.241728
chr12_88	1000000	1000000	227483	0.227483	0.227483
chr12_89	1000000	1000000	363872	0.363872	0.363872
chr12_90	1000000	1000000	797041	0.797041	0.797041
chr12_91	1000000	1000000	428605	0.428605	0.428605
chr12_92	999999	999999	345025	0.345026	0.345026
chr12_93	1000000	1000000	675286	0.675286	0.675286
chr12_96	1000002	1000002	679335	0.679333	0.679333
chr12_97	1000000	1000000	744647	0.744647	0.744647
chr12_98	1000000	1000000	358032	0.358032	0.358032
chr12_100	1000000	1000000	544239	0.544239	0.544239
chr12_101	1000000	1000000	677780	0.67778	0.67778
chr12_103	1000000	1000000	409767	0.409767	0.409767
chr12_104	1000000	1000000	492672	0.492672	0.492672
chr13_20	1000000	1000000	463380	0.46338	0.46338
chr13_23	1000000	1000000	313367	0.313367	0.313367
chr13_24	1000000	1000000	721742	0.721742	0.721742
chr13_25	999999	999999	1.02277e+06	1.02277	1.02277
chr13_32	1000000	1000000	536474	0.536474	0.536474
chr13_34	999999	999999	1.11838e+06	1.11839	1.11839
chr13_35	1000000	1000000	468861	0.468861	0.468861
chr13_36	1000000	1000000	618735	0.618735	0.618735
chr13_37	1000000	1000000	655247	0.655247	0.655247
chr13_38	1000000	1000000	334820	0.33482	0.33482
chr13_39	1000000	1000000	411801	0.411801	0.411801
chr13_40	1000000	1000000	758207	0.758207	0.758207
chr13_42	1000000	1000000	919771	0.919771	0.919771
chr13_43	1000000	1000000	410635	0.410635	0.410635
chr13_48	1000000	1000000	426479	0.426479	0.426479
chr13_49	1000001	1000001	788777	0.788776	0.788776
chr13_53	999999	999999	692393	0.692394	0.692394
chr13_54	1000000	1000000	460524	0.460524	0.460524
chr13_55	1000000	1000000	217227	0.217227	0.217227
chr13_56	999999	999999	166639	0.166639	0.166639
chr13_57	1000000	1000000	174102	0.174102	0.174102
chr13_59	1000000	1000000	208237	0.208237	0.208237
chr13_60	1000000	1000000	325695	0.325695	0.325695
chr13_61	1000000	1000000	324301	0.324301	0.324301
chr13_62	999999	999999	318139	0.318139	0.318139
chr13_63	1000000	1000000	221194	0.221194	0.221194
chr13_64	1000000	1000000	164639	0.164639	0.164639
chr13_65	999999	999999	170703	0.170704	0.170704
chr13_66	1000000	1000000	242302	0.242302	0.242302
chr13_67	1000000	1000000	757133	0.757133	0.757133
chr13_68	1000000	1000000	670280	0.67028	0.67028
chr13_69	1000000	1000000	177160	0.17716	0.17716
chr13_70	1000000	1000000	171089	0.171089	0.171089
chr13_71	1000000	1000000	183637	0.183637	0.183637
chr13_72	1000006	1000006	234986	0.234985	0.234985
chr13_73	1000000	1000000	325872	0.325872	0.325872
chr13_74	999999	999999	400922	0.400923	0.400923
chr13_75	1000000	1000000	498331	0.498331	0.498331
chr13_76	999999	999999	496124	0.496124	0.496124
chr13_77	999999	999999	497703	0.497703	0.497703
chr13_78	1000000	1000000	823739	0.823739	0.823739
chr13_79	1000000	1000000	285259	0.285259	0.285259
chr13_80	1000000	1000000	577781	0.577781	0.577781
chr13_81	1000000	1000000	675947	0.675947	0.675947
chr13_82	1000000	1000000	263837	0.263837	0.263837
chr13_83	1000000	1000000	258383	0.258383	0.258383
chr13_84	1000000	1000000	525485	0.525485	0.525485
chr13_85	1000000	1000000	249882	0.249882	0.249882
chr13_86	1000000	1000000	295297	0.295297	0.295297
chr13_88	1000000	1000000	254403	0.254403	0.254403
chr13_89	999999	999999	212039	0.212039	0.212039
chr13_90	1000000	1000000	233733	0.233733	0.233733
chr13_91	1000000	1000000	249030	0.24903	0.24903
chr13_92	999999	999999	329703	0.329703	0.329703
chr13_93	1000000	1000000	236630	0.23663	0.23663
chr13_94	1000001	1000001	301604	0.301603	0.301603
chr13_95	1000000	1000000	514097	0.514097	0.514097
chr13_96	1000000	1000000	567043	0.567043	0.567043
chr13_97	1000000	1000000	551937	0.551937	0.551937
chr13_102	999998	999998	624146	0.624147	0.624147
chr13_103	1000000	1000000	659888	0.659888	0.659888
chr13_104	1000000	1000000	326159	0.326159	0.326159
chr13_105	1000001	1000001	301984	0.301983	0.301983
chr13_106	999998	999998	328140	0.328141	0.328141
chr13_107	999999	999999	774268	0.774269	0.774269
chr13_108	1000000	1000000	420577	0.420577	0.420577
chr13_109	1000000	1000000	374191	0.374191	0.374191
chr14_21	1000000	1000000	758854	0.758854	0.758854
chr14_22	1000080	1000080	715447	0.71539	0.71539
chr14_23	1000970	1000970	765043	0.764301	0.764301
chr14_26	1000000	1000000	501820	0.50182	0.50182
chr14_28	1000000	1000000	228706	0.228706	0.228706
chr14_29	1000000	1000000	470322	0.470322	0.470322
chr14_30	1000000	1000000	530300	0.5303	0.5303
chr14_31	1000000	1000000	481557	0.481557	0.481557
chr14_37	999999	999999	462410	0.46241	0.46241
chr14_39	999999	999999	659382	0.659383	0.659383
chr14_40	1000000	1000000	556304	0.556304	0.556304
chr14_41	1000001	1000001	192449	0.192449	0.192449
chr14_42	999998	999998	229457	0.229458	0.229458
chr14_43	1000000	1000000	228723	0.228723	0.228723
chr14_44	1000000	1000000	187838	0.187838	0.187838
chr14_48	1000000	1000000	447679	0.447679	0.447679
chr14_49	1000000	1000000	233379	0.233379	0.233379
chr14_50	997515	997515	614111	0.615641	0.615641
chr14_53	1000000	1000000	743465	0.743465	0.743465
chr14_54	1000000	1000000	565082	0.565082	0.565082
chr14_57	1000000	1000000	538727	0.538727	0.538727
chr14_59	1000000	1000000	761059	0.761059	0.761059
chr14_60	1000000	1000000	663783	0.663783	0.663783
chr14_61	1000000	1000000	464485	0.464485	0.464485
chr14_62	1000000	1000000	738419	0.738419	0.738419
chr14_63	1000000	1000000	354828	0.354828	0.354828
chr14_64	1000000	1000000	622779	0.622779	0.622779
chr14_80	1000000	1000000	651905	0.651905	0.651905
chr14_81	1000001	1000001	369350	0.36935	0.36935
chr14_82	1000000	1000000	652017	0.652017	0.652017
chr14_83	1000000	1000000	389906	0.389906	0.389906
chr14_84	1000000	1000000	236163	0.236163	0.236163
chr14_85	1000000	1000000	256519	0.256519	0.256519
chr14_86	1000000	1000000	403979	0.403979	0.403979
chr14_88	1000000	1000000	509417	0.509417	0.509417
chr15_25	1000000	1000000	305203	0.305203	0.305203
chr15_27	1000000	1000000	558934	0.558934	0.558934
chr15_36	1000000	1000000	419293	0.419293	0.419293
chr15_37	1000000	1000000	482762	0.482762	0.482762
chr15_38	1000000	1000000	418462	0.418462	0.418462
chr15_39	1000000	1000000	805385	0.805385	0.805385
chr15_40	1000000	1000000	492320	0.49232	0.49232
chr15_47	1000000	1000000	326898	0.326898	0.326898
chr15_48	999999	999999	623191	0.623192	0.623192
chr15_50	1000000	1000000	634590	0.63459	0.63459
chr15_51	1000000	1000000	596317	0.596317	0.596317
chr15_54	1000000	1000000	261260	0.26126	0.26126
chr15_56	1000000	1000000	484230	0.48423	0.48423
chr15_95	1000000	1000000	288655	0.288655	0.288655
chr15_96	1000000	1000000	311131	0.311131	0.311131
chr15_97	1000001	1000001	283838	0.283838	0.283838
chr15_98	1000000	1000000	297623	0.297623	0.297623
chr16_33	1000000	1000000	42044.7	0.0420447	0.0420447
chr16_60	1000000	1000000	241587	0.241587	0.241587
chr16_61	1000000	1000000	219701	0.219701	0.219701
chr16_62	1000000	1000000	472964	0.472964	0.472964
chr16_63	1000000	1000000	507132	0.507132	0.507132
chr16_64	1000000	1000000	292622	0.292622	0.292622
chr16_65	999999	999999	411487	0.411488	0.411488
chr16_66	1000000	1000000	647716	0.647716	0.647716
chr16_77	999999	999999	621444	0.621444	0.621444
chr17_53	1000000	1000000	286735	0.286735	0.286735
chr17_55	1000000	1000000	342306	0.342306	0.342306
chr18_2	1000000	1000000	202905	0.202905	0.202905
chr18_5	999999	999999	418304	0.418305	0.418305
chr18_6	1000000	1000000	622028	0.622028	0.622028
chr18_7	1000000	1000000	556955	0.556955	0.556955
chr18_8	999999	999999	472680	0.472681	0.472681
chr18_15	1000000	1000000	192404	0.192404	0.192404
chr18_22	1000000	1000000	661911	0.661911	0.661911
chr18_23	1000002	1000002	297453	0.297452	0.297452
chr18_26	1000000	1000000	483854	0.483854	0.483854
chr18_27	1000000	1000000	803088	0.803088	0.803088
chr18_28	1000000	1000000	390283	0.390283	0.390283
chr18_29	1000000	1000000	482349	0.482349	0.482349
chr18_30	1000001	1000001	241664	0.241664	0.241664
chr18_31	1000001	1000001	321331	0.321331	0.321331
chr18_32	999997	999997	363694	0.363695	0.363695
chr18_33	1000001	1000001	730408	0.730407	0.730407
chr18_34	1000000	1000000	342466	0.342466	0.342466
chr18_35	1000000	1000000	678588	0.678588	0.678588
chr18_38	1000001	1000001	935687	0.935686	0.935686
chr18_39	1000000	1000000	362176	0.362176	0.362176
chr18_40	1000000	1000000	343555	0.343555	0.343555
chr18_41	1000000	1000000	318850	0.31885	0.31885
chr18_42	1000000	1000000	319907	0.319907	0.319907
chr18_43	1000001	1000001	412379	0.412379	0.412379
chr18_44	1000000	1000000	276864	0.276864	0.276864
chr18_45	1000000	1000000	579987	0.579987	0.579987
chr18_52	1000000	1000000	555546	0.555546	0.555546
chr18_54	1000000	1000000	404349	0.404349	0.404349
chr18_55	1140861	1140861	411541	0.360728	0.360728
chr18_57	1000000	1000000	797942	0.797942	0.797942
chr18_61	1000001	1000001	359719	0.359719	0.359719
chr18_62	1000000	1000000	783689	0.783689	0.783689
chr18_64	1000001	1000001	674681	0.67468	0.67468
chr18_65	1000002	1000002	257120	0.257119	0.257119
chr18_66	1000000	1000000	248106	0.248106	0.248106
chr18_67	1000001	1000001	318652	0.318652	0.318652
chr18_68	1000000	1000000	353372	0.353372	0.353372
chr18_69	1000000	1000000	316837	0.316837	0.316837
chr18_70	999999	999999	325158	0.325158	0.325158
chr18_71	1000000	1000000	695893	0.695893	0.695893
chr18_72	999999	999999	298302	0.298302	0.298302
chr18_73	1000000	1000000	372687	0.372687	0.372687
chr18_74	1000000	1000000	397814	0.397814	0.397814
chr19_21	1071997	1071997	526106	0.490772	0.490772
chr19_23	1000000	1000000	220831	0.220831	0.220831
chr20_7	1000001	1000001	409384	0.409384	0.409384
chr20_8	1000000	1000000	357857	0.357857	0.357857
chr20_9	1000000	1000000	588908	0.588908	0.588908
chr20_10	1000001	1000001	611540	0.61154	0.61154
chr20_11	1000000	1000000	786979	0.786979	0.786979
chr20_12	1000000	1000000	704486	0.704486	0.704486
chr20_13	1000000	1000000	619558	0.619558	0.619558
chr20_14	999998	999998	457103	0.457104	0.457104
chr20_15	1000000	1000000	423460	0.42346	0.42346
chr20_16	999999	999999	680532	0.680532	0.680532
chr20_17	1000000	1000000	657880	0.65788	0.65788
chr20_23	999999	999999	307105	0.307105	0.307105
chr20_26	1000000	1000000	1.0607e+06	1.0607	1.0607
chr20_56	958517	958517	262408	0.273764	0.273764
chr21_14	1000000	1000000	76646	0.076646	0.076646
chr21_15	1000000	1000000	414222	0.414222	0.414222
chr21_16	999999	999999	487520	0.487521	0.487521
chr21_17	1000000	1000000	789237	0.789237	0.789237
chr21_18	999997	999997	939331	0.939334	0.939334
chr21_19	1000001	1000001	220479	0.220478	0.220478
chr21_20	999996	999996	328419	0.32842	0.32842
chr21_21	1000004	1000004	474516	0.474514	0.474514
chr21_22	1000001	1000001	540310	0.540309	0.540309
chr21_23	1000003	1000003	230017	0.230016	0.230016
chr21_24	999993	999993	244261	0.244262	0.244262
chr21_25	999997	999997	352397	0.352398	0.352398
chr21_26	1000003	1000003	812663	0.812661	0.812661
chr21_27	1000004	1000004	877402	0.877398	0.877398
chr21_28	1000000	1000000	398309	0.398309	0.398309
chr21_29	1000002	1000002	629216	0.629215	0.629215
chr21_30	999997	999997	624868	0.624869	0.624869
chr21_31	1000001	1000001	262162	0.262162	0.262162
