chr1_50	1000000	1000000	458773	0.458773	0.458773
chr1_61	1000000	1000000	545792	0.545792	0.545792
chr1_63	999999	999999	626905	0.626905	0.626905
chr1_68	1000000	1000000	663452	0.663452	0.663452
chr1_69	1000000	1000000	615094	0.615094	0.615094
chr1_70	1000000	1000000	571838	0.571838	0.571838
chr1_71	1000000	1000000	508837	0.508837	0.508837
chr1_72	1000000	1000000	534482	0.534482	0.534482
chr1_73	1000000	1000000	388613	0.388613	0.388613
chr1_74	1000001	1000001	326775	0.326775	0.326775
chr1_75	1000000	1000000	491291	0.491291	0.491291
chr1_76	1000001	1000001	462222	0.462221	0.462221
chr1_77	1000000	1000000	721134	0.721134	0.721134
chr1_78	999999	999999	1.0051e+06	1.0051	1.0051
chr1_79	1000001	1000001	419986	0.419986	0.419986
chr1_80	1000000	1000000	353227	0.353227	0.353227
chr1_81	1000000	1000000	293861	0.293861	0.293861
chr1_82	999999	999999	495167	0.495168	0.495168
chr1_83	999999	999999	410024	0.410025	0.410025
chr1_84	1000000	1000000	481491	0.481491	0.481491
chr1_85	1000000	1000000	828176	0.828176	0.828176
chr1_86	1000000	1000000	615673	0.615673	0.615673
chr1_87	1000000	1000000	574197	0.574197	0.574197
chr1_89	1000000	1000000	655734	0.655734	0.655734
chr1_90	999876	999876	958805	0.958924	0.958924
chr1_91	999998	999998	434955	0.434956	0.434956
chr1_93	1000000	1000000	727947	0.727947	0.727947
chr1_94	999999	999999	725420	0.725421	0.725421
chr1_96	1000000	1000000	565440	0.56544	0.56544
chr1_97	1000000	1000000	514051	0.514051	0.514051
chr1_98	1000000	1000000	568158	0.568158	0.568158
chr1_99	1000000	1000000	458144	0.458144	0.458144
chr1_100	1000000	1000000	528321	0.528321	0.528321
chr1_101	1000000	1000000	646980	0.64698	0.64698
chr1_102	1000000	1000000	546396	0.546396	0.546396
chr1_103	1000000	1000000	295497	0.295497	0.295497
chr1_105	1000000	1000000	278335	0.278335	0.278335
chr1_106	1000000	1000000	252524	0.252524	0.252524
chr1_107	1000000	1000000	315036	0.315036	0.315036
chr1_108	1000000	1000000	506679	0.506679	0.506679
chr1_109	1000000	1000000	655146	0.655146	0.655146
chr1_114	1000000	1000000	719560	0.71956	0.71956
chr1_115	999999	999999	582912	0.582913	0.582913
chr1_116	1000000	1000000	588584	0.588584	0.588584
chr1_118	1000001	1000001	660015	0.660015	0.660015
chr1_119	1000000	1000000	371774	0.371774	0.371774
chr1_120	1000000	1000000	648403	0.648403	0.648403
chr1_153	1000000	1000000	420988	0.420988	0.420988
chr1_158	999998	999998	531755	0.531756	0.531756
chr1_159	1000000	1000000	436179	0.436179	0.436179
chr1_160	1000000	1000000	557249	0.557249	0.557249
chr1_161	1000000	1000000	1.0994e+06	1.0994	1.0994
chr1_164	999447	999447	535535	0.535831	0.535831
chr1_165	1000000	1000000	740900	0.7409	0.7409
chr1_167	1000000	1000000	583306	0.583306	0.583306
chr1_170	999903	999903	729461	0.729532	0.729532
chr1_171	1000000	1000000	527360	0.52736	0.52736
chr1_172	999999	999999	727657	0.727657	0.727657
chr1_173	1000000	1000000	642207	0.642207	0.642207
chr1_174	999998	999998	577786	0.577787	0.577787
chr1_175	999998	999998	678317	0.678318	0.678318
chr1_177	1000000	1000000	547503	0.547503	0.547503
chr1_179	1000000	1000000	670287	0.670287	0.670287
chr1_180	1000000	1000000	676011	0.676011	0.676011
chr1_186	1000000	1000000	509200	0.5092	0.5092
chr1_187	1000000	1000000	444499	0.444499	0.444499
chr1_188	999999	999999	330891	0.330891	0.330891
chr1_189	1000000	1000000	266238	0.266238	0.266238
chr1_190	999999	999999	263139	0.263139	0.263139
chr1_191	1000000	1000000	349688	0.349688	0.349688
chr1_192	1000000	1000000	308624	0.308624	0.308624
chr1_193	1000000	1000000	422868	0.422868	0.422868
chr1_194	1000000	1000000	505221	0.505221	0.505221
chr1_195	1000000	1000000	335272	0.335272	0.335272
chr1_196	1000000	1000000	294282	0.294282	0.294282
chr1_197	1000000	1000000	322033	0.322033	0.322033
chr1_198	1000000	1000000	488015	0.488015	0.488015
chr1_199	999999	999999	562279	0.562279	0.562279
chr1_200	999999	999999	425146	0.425147	0.425147
chr1_201	1000000	1000000	720068	0.720068	0.720068
chr1_208	1000000	1000000	868606	0.868606	0.868606
chr1_214	1000001	1000001	621223	0.621222	0.621222
chr1_215	1000000	1000000	660205	0.660205	0.660205
chr1_216	999999	999999	428773	0.428773	0.428773
chr1_217	1000000	1000000	458242	0.458242	0.458242
chr1_218	1000000	1000000	425360	0.42536	0.42536
chr1_219	1000000	1000000	554139	0.554139	0.554139
chr1_220	1000000	1000000	558302	0.558302	0.558302
chr1_221	1000000	1000000	621537	0.621537	0.621537
chr1_222	1000000	1000000	585641	0.585641	0.585641
chr1_223	1000000	1000000	582101	0.582101	0.582101
chr1_226	999999	999999	897682	0.897683	0.897683
chr1_234	1000000	1000000	723397	0.723397	0.723397
chr1_238	1000000	1000000	573720	0.57372	0.57372
chr1_239	1000000	1000000	414842	0.414842	0.414842
chr1_240	1000000	1000000	621073	0.621073	0.621073
chr1_241	1000000	1000000	677717	0.677717	0.677717
chr1_242	1000002	1000002	721063	0.721062	0.721062
chr1_243	1000000	1000000	548265	0.548265	0.548265
chr1_248	1000000	1000000	512000	0.512	0.512
chr2_6	999999	999999	445526	0.445527	0.445527
chr2_7	999999	999999	665301	0.665302	0.665302
chr2_8	1000000	1000000	654862	0.654862	0.654862
chr2_13	999999	999999	714746	0.714747	0.714747
chr2_15	999999	999999	465186	0.465186	0.465186
chr2_18	999999	999999	629821	0.629821	0.629821
chr2_19	1000007	1000007	490516	0.490512	0.490512
chr2_20	1018488	1018488	554227	0.544167	0.544167
chr2_23	1000000	1000000	427903	0.427903	0.427903
chr2_32	1002203	1002203	566380	0.565135	0.565135
chr2_35	1000000	1000000	452062	0.452062	0.452062
chr2_36	1002073	1002073	312135	0.311489	0.311489
chr2_38	1000000	1000000	658118	0.658118	0.658118
chr2_41	1000000	1000000	533090	0.53309	0.53309
chr2_42	1000000	1000000	517829	0.517829	0.517829
chr2_52	1000000	1000000	369888	0.369888	0.369888
chr2_53	1000000	1000000	334159	0.334159	0.334159
chr2_54	999999	999999	671201	0.671202	0.671202
chr2_57	1000000	1000000	457502	0.457502	0.457502
chr2_58	1000000	1000000	373632	0.373632	0.373632
chr2_59	1000000	1000000	634420	0.63442	0.63442
chr2_60	1000000	1000000	465311	0.465311	0.465311
chr2_61	1000000	1000000	705540	0.70554	0.70554
chr2_62	1000000	1000000	856648	0.856648	0.856648
chr2_63	1000000	1000000	666530	0.66653	0.66653
chr2_64	999999	999999	552432	0.552432	0.552432
chr2_67	999998	999998	491442	0.491443	0.491443
chr2_68	1000000	1000000	433146	0.433146	0.433146
chr2_76	999999	999999	536005	0.536006	0.536006
chr2_77	1000000	1000000	451154	0.451154	0.451154
chr2_78	1000000	1000000	367472	0.367472	0.367472
chr2_79	1000000	1000000	400373	0.400373	0.400373
chr2_81	999998	999998	599744	0.599745	0.599745
chr2_82	1000000	1000000	306442	0.306442	0.306442
chr2_83	1000000	1000000	320809	0.320809	0.320809
chr2_84	1000000	1000000	319107	0.319107	0.319107
chr2_85	999999	999999	630401	0.630402	0.630402
chr2_103	999996	999996	538308	0.538311	0.538311
chr2_104	1000000	1000000	354956	0.354956	0.354956
chr2_105	1000000	1000000	898776	0.898776	0.898776
chr2_107	1000000	1000000	568508	0.568508	0.568508
chr2_108	1000000	1000000	407239	0.407239	0.407239
chr2_109	1000000	1000000	620697	0.620697	0.620697
chr2_115	1000000	1000000	533327	0.533327	0.533327
chr2_116	999999	999999	448536	0.448536	0.448536
chr2_117	1000000	1000000	354609	0.354609	0.354609
chr2_118	1000000	1000000	406876	0.406876	0.406876
chr2_119	1000000	1000000	465404	0.465404	0.465404
chr2_123	1000000	1000000	424317	0.424317	0.424317
chr2_124	1000001	1000001	307671	0.307671	0.307671
chr2_125	1000000	1000000	589527	0.589527	0.589527
chr2_126	1000000	1000000	375155	0.375155	0.375155
chr2_127	999999	999999	515841	0.515842	0.515842
chr2_130	999999	999999	582714	0.582714	0.582714
chr2_132	1000000	1000000	426681	0.426681	0.426681
chr2_134	999998	999998	686471	0.686472	0.686472
chr2_136	1000000	1000000	672440	0.67244	0.67244
chr2_137	1000000	1000000	530264	0.530264	0.530264
chr2_138	1000000	1000000	373886	0.373886	0.373886
chr2_139	1000000	1000000	504783	0.504783	0.504783
chr2_140	999999	999999	377701	0.377702	0.377702
chr2_141	1000000	1000000	428368	0.428368	0.428368
chr2_142	1000000	1000000	579436	0.579436	0.579436
chr2_143	1000000	1000000	466355	0.466355	0.466355
chr2_144	999998	999998	529280	0.529281	0.529281
chr2_145	1000000	1000000	1.15367e+06	1.15367	1.15367
chr2_146	1000001	1000001	477005	0.477004	0.477004
chr2_147	1000000	1000000	351284	0.351284	0.351284
chr2_148	1000001	1000001	479497	0.479496	0.479496
chr2_150	1000000	1000000	537961	0.537961	0.537961
chr2_151	1000000	1000000	456914	0.456914	0.456914
chr2_152	1000000	1000000	631747	0.631747	0.631747
chr2_153	1000000	1000000	1.2473e+06	1.2473	1.2473
chr2_154	999999	999999	385086	0.385087	0.385087
chr2_155	999999	999999	430266	0.430267	0.430267
chr2_156	1000000	1000000	311519	0.311519	0.311519
chr2_157	1000000	1000000	535887	0.535887	0.535887
chr2_158	1000000	1000000	602225	0.602225	0.602225
chr2_159	1000000	1000000	737391	0.737391	0.737391
chr2_160	999999	999999	766808	0.766809	0.766809
chr2_161	1000000	1000000	508193	0.508193	0.508193
chr2_163	1000000	1000000	549311	0.549311	0.549311
chr2_164	1000000	1000000	483443	0.483443	0.483443
chr2_165	1000000	1000000	495194	0.495194	0.495194
chr2_166	1000000	1000000	634723	0.634723	0.634723
chr2_167	1000000	1000000	343927	0.343927	0.343927
chr2_168	1000000	1000000	541303	0.541303	0.541303
chr2_169	1000000	1000000	762290	0.76229	0.76229
chr2_170	1000000	1000000	633829	0.633829	0.633829
chr2_172	1008397	1008397	722407	0.716391	0.716391
chr2_174	1000000	1000000	593159	0.593159	0.593159
chr2_176	1000000	1000000	462820	0.46282	0.46282
chr2_178	999999	999999	775298	0.775299	0.775299
chr2_179	1000000	1000000	642922	0.642922	0.642922
chr2_180	1000000	1000000	603408	0.603408	0.603408
chr2_181	1000000	1000000	468948	0.468948	0.468948
chr2_183	1000001	1000001	637148	0.637147	0.637147
chr2_184	999999	999999	455923	0.455924	0.455924
chr2_185	1000000	1000000	324500	0.3245	0.3245
chr2_186	1000000	1000000	273060	0.27306	0.27306
chr2_187	1000000	1000000	556301	0.556301	0.556301
chr2_188	1000000	1000000	389256	0.389256	0.389256
chr2_189	999999	999999	397850	0.39785	0.39785
chr2_190	1000000	1000000	551562	0.551562	0.551562
chr2_191	1000000	1000000	993733	0.993733	0.993733
chr2_192	1000000	1000000	631484	0.631484	0.631484
chr2_193	1000000	1000000	453054	0.453054	0.453054
chr2_194	999998	999998	265492	0.265493	0.265493
chr2_195	1000000	1000000	293930	0.29393	0.29393
chr2_196	1000000	1000000	562832	0.562832	0.562832
chr2_197	1000000	1000000	778308	0.778308	0.778308
chr2_198	1000000	1000000	1.04271e+06	1.04271	1.04271
chr2_199	999999	999999	541300	0.5413	0.5413
chr2_200	1000000	1000000	679906	0.679906	0.679906
chr2_201	1000000	1000000	877703	0.877703	0.877703
chr2_203	1000000	1000000	678590	0.67859	0.67859
chr2_205	1000000	1000000	532773	0.532773	0.532773
chr2_206	1000001	1000001	590599	0.590599	0.590599
chr2_207	1000000	1000000	640593	0.640593	0.640593
chr2_209	1000000	1000000	499125	0.499125	0.499125
chr2_210	1000000	1000000	517775	0.517775	0.517775
chr2_211	1000000	1000000	593442	0.593442	0.593442
chr2_212	1000001	1000001	461457	0.461456	0.461456
chr2_213	999999	999999	505048	0.505048	0.505048
chr2_214	1000000	1000000	406477	0.406477	0.406477
chr2_215	1000000	1000000	517688	0.517688	0.517688
chr2_216	999999	999999	637662	0.637662	0.637662
chr2_221	999999	999999	536995	0.536996	0.536996
chr2_222	999999	999999	568488	0.568488	0.568488
chr2_224	999999	999999	635490	0.635491	0.635491
chr2_225	1000000	1000000	724088	0.724088	0.724088
chr2_226	999999	999999	533684	0.533684	0.533684
chr2_228	1000000	1000000	663050	0.66305	0.66305
chr2_229	1000000	1000000	377107	0.377107	0.377107
chr2_231	999999	999999	741849	0.74185	0.74185
chr3_2	1000000	1000000	397358	0.397358	0.397358
chr3_3	1000000	1000000	537294	0.537294	0.537294
chr3_6	1000002	1000002	556666	0.556665	0.556665
chr3_7	1000000	1000000	371145	0.371145	0.371145
chr3_9	999997	999997	627275	0.627277	0.627277
chr3_18	1000000	1000000	628900	0.6289	0.6289
chr3_19	1000000	1000000	520812	0.520812	0.520812
chr3_21	1000000	1000000	640154	0.640154	0.640154
chr3_23	999999	999999	360312	0.360312	0.360312
chr3_24	1000000	1000000	820843	0.820843	0.820843
chr3_26	1000000	1000000	635467	0.635467	0.635467
chr3_28	1000000	1000000	521690	0.52169	0.52169
chr3_29	1000000	1000000	473312	0.473312	0.473312
chr3_31	1000001	1000001	553489	0.553488	0.553488
chr3_32	1000000	1000000	551006	0.551006	0.551006
chr3_33	1000000	1000000	669680	0.66968	0.66968
chr3_34	1000000	1000000	775482	0.775482	0.775482
chr3_35	1000000	1000000	569780	0.56978	0.56978
chr3_36	1000000	1000000	540465	0.540465	0.540465
chr3_42	1000001	1000001	528081	0.528081	0.528081
chr3_60	1000000	1000000	550704	0.550704	0.550704
chr3_61	999946	999946	490218	0.490244	0.490244
chr3_64	1000000	1000000	608920	0.60892	0.60892
chr3_68	998722	998722	488545	0.48917	0.48917
chr3_71	1000000	1000000	483978	0.483978	0.483978
chr3_75	1000000	1000000	497357	0.497357	0.497357
chr3_77	1000000	1000000	415610	0.41561	0.41561
chr3_78	1000000	1000000	415087	0.415087	0.415087
chr3_80	1000000	1000000	358417	0.358417	0.358417
chr3_82	1000000	1000000	443677	0.443677	0.443677
chr3_83	1000000	1000000	334544	0.334544	0.334544
chr3_84	1000000	1000000	275285	0.275285	0.275285
chr3_85	1000000	1000000	325821	0.325821	0.325821
chr3_86	999999	999999	545531	0.545531	0.545531
chr3_87	1000000	1000000	335216	0.335216	0.335216
chr3_88	1000000	1000000	376868	0.376868	0.376868
chr3_89	1000000	1000000	400756	0.400756	0.400756
chr3_95	1000000	1000000	423794	0.423794	0.423794
chr3_96	1000000	1000000	255562	0.255562	0.255562
chr3_99	1000000	1000000	581450	0.58145	0.58145
chr3_100	1000000	1000000	486510	0.48651	0.48651
chr3_101	1000000	1000000	599989	0.599989	0.599989
chr3_103	1000000	1000000	399446	0.399446	0.399446
chr3_105	1000000	1000000	363686	0.363686	0.363686
chr3_106	1000003	1000003	592996	0.592994	0.592994
chr3_108	1000000	1000000	900749	0.900749	0.900749
chr3_110	1000000	1000000	400098	0.400098	0.400098
chr3_111	1000000	1000000	396335	0.396335	0.396335
chr3_113	1000000	1000000	619371	0.619371	0.619371
chr3_114	1000000	1000000	744816	0.744816	0.744816
chr3_119	1000000	1000000	500826	0.500826	0.500826
chr3_131	1000001	1000001	512430	0.51243	0.51243
chr3_132	1000000	1000000	638407	0.638407	0.638407
chr3_133	1000000	1000000	607118	0.607118	0.607118
chr3_141	1000000	1000000	609611	0.609611	0.609611
chr3_143	1000000	1000000	563997	0.563997	0.563997
chr3_145	1000000	1000000	579532	0.579532	0.579532
chr3_146	998945	998945	333207	0.333559	0.333559
chr3_147	1000000	1000000	454800	0.4548	0.4548
chr3_148	1000000	1000000	506413	0.506413	0.506413
chr3_149	1000000	1000000	456131	0.456131	0.456131
chr3_150	1000000	1000000	755365	0.755365	0.755365
chr3_151	1000000	1000000	753029	0.753029	0.753029
chr3_152	1000002	1000002	603200	0.603198	0.603198
chr3_153	1000000	1000000	700919	0.700919	0.700919
chr3_155	1000000	1000000	465486	0.465486	0.465486
chr3_160	999998	999998	817036	0.817037	0.817037
chr3_163	1000000	1000000	325138	0.325138	0.325138
chr3_164	1000000	1000000	238762	0.238762	0.238762
chr3_165	1000000	1000000	288079	0.288079	0.288079
chr3_168	1000000	1000000	539341	0.539341	0.539341
chr3_170	1000000	1000000	567686	0.567686	0.567686
chr3_173	1000000	1000000	622567	0.622567	0.622567
chr3_174	1000000	1000000	520280	0.52028	0.52028
chr3_176	999998	999998	367039	0.367039	0.367039
chr3_180	1000000	1000000	896340	0.89634	0.89634
chr3_181	1000000	1000000	509500	0.5095	0.5095
chr3_182	1000000	1000000	890609	0.890609	0.890609
chr3_183	1000000	1000000	632706	0.632706	0.632706
chr3_190	1000000	1000000	407803	0.407803	0.407803
chr3_191	1000000	1000000	487454	0.487454	0.487454
chr3_192	1000000	1000000	429124	0.429124	0.429124
chr4_11	1000000	1000000	687540	0.68754	0.68754
chr4_12	1000000	1000000	490576	0.490576	0.490576
chr4_13	1000000	1000000	409155	0.409155	0.409155
chr4_14	1000000	1000000	571537	0.571537	0.571537
chr4_15	1000000	1000000	570005	0.570005	0.570005
chr4_16	999999	999999	832318	0.832319	0.832319
chr4_18	1000000	1000000	798326	0.798326	0.798326
chr4_19	1000000	1000000	419453	0.419453	0.419453
chr4_20	1000000	1000000	362418	0.362418	0.362418
chr4_21	1000000	1000000	534388	0.534388	0.534388
chr4_23	1000000	1000000	490263	0.490263	0.490263
chr4_24	1000000	1000000	501827	0.501827	0.501827
chr4_27	1000000	1000000	810832	0.810832	0.810832
chr4_28	1000000	1000000	445136	0.445136	0.445136
chr4_29	1000000	1000000	412937	0.412937	0.412937
chr4_30	1000000	1000000	299185	0.299185	0.299185
chr4_31	1000000	1000000	401108	0.401108	0.401108
chr4_32	1000000	1000000	327377	0.327377	0.327377
chr4_33	1000000	1000000	288874	0.288874	0.288874
chr4_34	1000000	1000000	317845	0.317845	0.317845
chr4_35	1000000	1000000	284771	0.284771	0.284771
chr4_36	1000000	1000000	355502	0.355502	0.355502
chr4_37	1000000	1000000	701766	0.701766	0.701766
chr4_38	999999	999999	641383	0.641384	0.641384
chr4_40	1000000	1000000	792784	0.792784	0.792784
chr4_43	1000000	1000000	652627	0.652627	0.652627
chr4_44	1000000	1000000	361417	0.361417	0.361417
chr4_45	1000000	1000000	445609	0.445609	0.445609
chr4_46	1000000	1000000	332249	0.332249	0.332249
chr4_47	1000000	1000000	436667	0.436667	0.436667
chr4_48	1000000	1000000	654782	0.654782	0.654782
chr4_49	1000000	1000000	700573	0.700573	0.700573
chr4_53	1000001	1000001	617938	0.617938	0.617938
chr4_54	1000000	1000000	594097	0.594097	0.594097
chr4_55	1000000	1000000	583201	0.583201	0.583201
chr4_57	1000000	1000000	726730	0.72673	0.72673
chr4_58	1000000	1000000	539358	0.539358	0.539358
chr4_60	1000000	1000000	329492	0.329492	0.329492
chr4_61	1000000	1000000	314957	0.314957	0.314957
chr4_62	1000000	1000000	535512	0.535512	0.535512
chr4_63	1000000	1000000	351364	0.351364	0.351364
chr4_64	1000000	1000000	250885	0.250885	0.250885
chr4_65	1000000	1000000	280282	0.280282	0.280282
chr4_66	1000000	1000000	335757	0.335757	0.335757
chr4_67	1000000	1000000	306292	0.306292	0.306292
chr4_68	1000000	1000000	459458	0.459458	0.459458
chr4_69	1000000	1000000	142899	0.142899	0.142899
chr4_70	999999	999999	262204	0.262205	0.262205
chr4_71	1000000	1000000	524151	0.524151	0.524151
chr4_72	1000000	1000000	547782	0.547782	0.547782
chr4_73	1000000	1000000	420310	0.42031	0.42031
chr4_74	1000000	1000000	519656	0.519656	0.519656
chr4_75	1059493	1059493	447387	0.422265	0.422265
chr4_76	995943	995943	600018	0.602462	0.602462
chr4_77	1000000	1000000	865250	0.86525	0.86525
chr4_80	1000000	1000000	370371	0.370371	0.370371
chr4_81	1000000	1000000	370357	0.370357	0.370357
chr4_82	999999	999999	576354	0.576355	0.576355
chr4_83	1000000	1000000	976215	0.976215	0.976215
chr4_84	1000000	1000000	550366	0.550366	0.550366
chr4_85	1000000	1000000	568017	0.568017	0.568017
chr4_86	1000000	1000000	568580	0.56858	0.56858
chr4_88	1000000	1000000	964734	0.964734	0.964734
chr4_89	999999	999999	812783	0.812784	0.812784
chr4_90	1000000	1000000	547490	0.54749	0.54749
chr4_91	1000000	1000000	389159	0.389159	0.389159
chr4_92	1000000	1000000	321937	0.321937	0.321937
chr4_93	1000000	1000000	354060	0.35406	0.35406
chr4_94	1000000	1000000	386638	0.386638	0.386638
chr4_95	1000000	1000000	474034	0.474034	0.474034
chr4_96	1000000	1000000	925536	0.925536	0.925536
chr4_97	1000000	1000000	354645	0.354645	0.354645
chr4_98	1000000	1000000	353606	0.353606	0.353606
chr4_99	1000000	1000000	885152	0.885152	0.885152
chr4_100	1000006	1000006	536759	0.536756	0.536756
chr4_101	1000000	1000000	486361	0.486361	0.486361
chr4_102	1000000	1000000	555237	0.555237	0.555237
chr4_103	1000000	1000000	676780	0.67678	0.67678
chr4_104	1000000	1000000	399748	0.399748	0.399748
chr4_105	1000000	1000000	426560	0.42656	0.42656
chr4_106	1000000	1000000	532700	0.5327	0.5327
chr4_107	1000000	1000000	374764	0.374764	0.374764
chr4_108	999999	999999	512752	0.512752	0.512752
chr4_109	1000000	1000000	593081	0.593081	0.593081
chr4_110	1000000	1000000	521148	0.521148	0.521148
chr4_111	1000000	1000000	494796	0.494796	0.494796
chr4_112	1000000	1000000	329496	0.329496	0.329496
chr4_113	1000000	1000000	693482	0.693482	0.693482
chr4_115	1000000	1000000	494259	0.494259	0.494259
chr4_116	1000000	1000000	270574	0.270574	0.270574
chr4_117	1000000	1000000	281540	0.28154	0.28154
chr4_118	999999	999999	356161	0.356162	0.356162
chr4_119	1000000	1000000	506675	0.506675	0.506675
chr4_121	1000000	1000000	393504	0.393504	0.393504
chr4_122	1000000	1000000	532826	0.532826	0.532826
chr4_123	1000000	1000000	528900	0.5289	0.5289
chr4_124	1000000	1000000	510555	0.510555	0.510555
chr4_125	1000000	1000000	365067	0.365067	0.365067
chr4_126	1000000	1000000	367315	0.367315	0.367315
chr4_127	1000000	1000000	316884	0.316884	0.316884
chr4_128	1000000	1000000	435356	0.435356	0.435356
chr4_129	1000000	1000000	629648	0.629648	0.629648
chr4_130	1000000	1000000	404501	0.404501	0.404501
chr4_131	1000000	1000000	292371	0.292371	0.292371
chr4_132	1000000	1000000	221983	0.221983	0.221983
chr4_133	1000000	1000000	314463	0.314463	0.314463
chr4_134	1000000	1000000	389900	0.3899	0.3899
chr4_135	1000000	1000000	284571	0.284571	0.284571
chr4_136	1000000	1000000	279201	0.279201	0.279201
chr4_137	999999	999999	309098	0.309098	0.309098
chr4_138	1000000	1000000	356448	0.356448	0.356448
chr4_139	1000000	1000000	649302	0.649302	0.649302
chr4_141	1000000	1000000	687675	0.687675	0.687675
chr4_142	999999	999999	429204	0.429204	0.429204
chr4_143	1000000	1000000	462112	0.462112	0.462112
chr4_144	1000000	1000000	694880	0.69488	0.69488
chr4_145	999999	999999	442402	0.442403	0.442403
chr4_146	1000000	1000000	730939	0.730939	0.730939
chr4_148	999999	999999	601971	0.601972	0.601972
chr4_149	1000001	1000001	585708	0.585707	0.585707
chr4_150	1000000	1000000	352479	0.352479	0.352479
chr4_151	1000000	1000000	567964	0.567964	0.567964
chr4_152	1000000	1000000	876584	0.876584	0.876584
chr4_155	1000000	1000000	483542	0.483542	0.483542
chr4_156	1000000	1000000	517956	0.517956	0.517956
chr4_157	1000000	1000000	504547	0.504547	0.504547
chr4_158	1000000	1000000	527025	0.527025	0.527025
chr4_159	1000000	1000000	898467	0.898467	0.898467
chr4_160	1000000	1000000	652420	0.65242	0.65242
chr4_161	1000000	1000000	299613	0.299613	0.299613
chr4_162	1000000	1000000	339470	0.33947	0.33947
chr4_164	1000000	1000000	542501	0.542501	0.542501
chr4_165	1000000	1000000	495999	0.495999	0.495999
chr4_166	1000000	1000000	644371	0.644371	0.644371
chr4_168	1000000	1000000	416967	0.416967	0.416967
chr4_169	1000000	1000000	522300	0.5223	0.5223
chr4_170	1000000	1000000	853453	0.853453	0.853453
chr4_171	1000000	1000000	435882	0.435882	0.435882
chr4_172	1000000	1000000	309096	0.309096	0.309096
chr4_173	1000000	1000000	400945	0.400945	0.400945
chr4_174	1000000	1000000	637521	0.637521	0.637521
chr4_175	1000000	1000000	385728	0.385728	0.385728
chr4_176	1000000	1000000	570713	0.570713	0.570713
chr4_177	1000003	1000003	513949	0.513947	0.513947
chr4_178	1000000	1000000	412034	0.412034	0.412034
chr4_179	1000000	1000000	283654	0.283654	0.283654
chr4_180	999999	999999	300809	0.300809	0.300809
chr4_181	1000000	1000000	373623	0.373623	0.373623
chr4_183	1000000	1000000	506706	0.506706	0.506706
chr4_187	1000000	1000000	590776	0.590776	0.590776
chr4_188	1000000	1000000	408916	0.408916	0.408916
chr4_189	1000000	1000000	414508	0.414508	0.414508
chr5_5	999999	999999	427778	0.427779	0.427779
chr5_8	1000000	1000000	884962	0.884962	0.884962
chr5_9	999999	999999	457260	0.457261	0.457261
chr5_13	1000000	1000000	312295	0.312295	0.312295
chr5_14	999997	999997	459725	0.459726	0.459726
chr5_16	1000000	1000000	653854	0.653854	0.653854
chr5_17	1000000	1000000	871121	0.871121	0.871121
chr5_19	1000000	1000000	367395	0.367395	0.367395
chr5_20	1000000	1000000	383569	0.383569	0.383569
chr5_21	1000000	1000000	291430	0.29143	0.29143
chr5_23	1000000	1000000	359407	0.359407	0.359407
chr5_24	1000000	1000000	301666	0.301666	0.301666
chr5_25	1000000	1000000	392725	0.392725	0.392725
chr5_27	999998	999998	324293	0.324293	0.324293
chr5_28	1000000	1000000	318729	0.318729	0.318729
chr5_29	1000000	1000000	285126	0.285126	0.285126
chr5_30	1000000	1000000	272779	0.272779	0.272779
chr5_31	1000000	1000000	312307	0.312307	0.312307
chr5_33	1000000	1000000	826755	0.826755	0.826755
chr5_34	999999	999999	486003	0.486004	0.486004
chr5_36	999997	999997	469565	0.469566	0.469566
chr5_37	1000000	1000000	901199	0.901199	0.901199
chr5_38	1000000	1000000	599415	0.599415	0.599415
chr5_40	1000000	1000000	536412	0.536412	0.536412
chr5_41	1000000	1000000	498516	0.498516	0.498516
chr5_42	1000000	1000000	481359	0.481359	0.481359
chr5_43	1000000	1000000	531548	0.531548	0.531548
chr5_44	1000000	1000000	739554	0.739554	0.739554
chr5_45	1000000	1000000	363442	0.363442	0.363442
chr5_52	1000000	1000000	295975	0.295975	0.295975
chr5_53	999996	999996	422832	0.422834	0.422834
chr5_54	1000000	1000000	489249	0.489249	0.489249
chr5_55	999998	999998	700029	0.70003	0.70003
chr5_56	1000000	1000000	749544	0.749544	0.749544
chr5_57	999999	999999	717485	0.717486	0.717486
chr5_58	1000000	1000000	672881	0.672881	0.672881
chr5_59	1000000	1000000	617724	0.617724	0.617724
chr5_63	1000000	1000000	630324	0.630324	0.630324
chr5_65	1000000	1000000	472715	0.472715	0.472715
chr5_66	1000001	1000001	727462	0.727461	0.727461
chr5_67	1000000	1000000	666028	0.666028	0.666028
chr5_76	1000000	1000000	551129	0.551129	0.551129
chr5_77	1000000	1000000	512987	0.512987	0.512987
chr5_82	1000000	1000000	814060	0.81406	0.81406
chr5_83	1000000	1000000	589402	0.589402	0.589402
chr5_84	1000000	1000000	521907	0.521907	0.521907
chr5_85	999999	999999	584280	0.584281	0.584281
chr5_87	999999	999999	364643	0.364644	0.364644
chr5_88	1000000	1000000	691861	0.691861	0.691861
chr5_89	1000000	1000000	1.05046e+06	1.05046	1.05046
chr5_90	1000000	1000000	575408	0.575408	0.575408
chr5_91	1000000	1000000	596372	0.596372	0.596372
chr5_92	1000000	1000000	596583	0.596583	0.596583
chr5_93	1039890	1039890	386972	0.372128	0.372128
chr5_96	1000000	1000000	848159	0.848159	0.848159
chr5_97	1000000	1000000	757563	0.757563	0.757563
chr5_98	1000000	1000000	483474	0.483474	0.483474
chr5_99	1000000	1000000	476295	0.476295	0.476295
chr5_100	1000000	1000000	274711	0.274711	0.274711
chr5_102	1000000	1000000	288813	0.288813	0.288813
chr5_103	1000000	1000000	419710	0.41971	0.41971
chr5_104	999997	999997	573141	0.573142	0.573142
chr5_105	1000000	1000000	301466	0.301466	0.301466
chr5_106	1000000	1000000	262889	0.262889	0.262889
chr5_109	1000000	1000000	573819	0.573819	0.573819
chr5_111	999998	999998	470965	0.470966	0.470966
chr5_113	1000000	1000000	794033	0.794033	0.794033
chr5_114	1000000	1000000	618328	0.618328	0.618328
chr5_116	1000000	1000000	679356	0.679356	0.679356
chr5_117	999999	999999	779346	0.779347	0.779347
chr5_118	999999	999999	465343	0.465343	0.465343
chr5_119	1000000	1000000	439490	0.43949	0.43949
chr5_121	1000000	1000000	364265	0.364265	0.364265
chr5_122	1000000	1000000	323156	0.323156	0.323156
chr5_123	1000000	1000000	568664	0.568664	0.568664
chr5_126	1000000	1000000	603486	0.603486	0.603486
chr5_127	999999	999999	808960	0.808961	0.808961
chr5_128	1000000	1000000	763044	0.763044	0.763044
chr5_129	1000001	1000001	476242	0.476241	0.476241
chr5_130	1000000	1000000	439938	0.439938	0.439938
chr5_131	1000000	1000000	457413	0.457413	0.457413
chr5_132	1000000	1000000	923336	0.923336	0.923336
chr5_145	999998	999998	502279	0.50228	0.50228
chr5_146	1000000	1000000	517522	0.517522	0.517522
chr5_149	1000000	1000000	576798	0.576798	0.576798
chr5_153	999999	999999	502610	0.502611	0.502611
chr5_156	1047450	1047450	481730	0.459907	0.459907
chr5_158	999997	999997	814135	0.814137	0.814137
chr5_159	1000000	1000000	528934	0.528934	0.528934
chr5_160	999999	999999	650819	0.65082	0.65082
chr5_163	1000000	1000000	432755	0.432755	0.432755
chr5_164	1000000	1000000	577075	0.577075	0.577075
chr5_165	1000000	1000000	340197	0.340197	0.340197
chr5_166	999999	999999	342189	0.342189	0.342189
chr5_167	1000000	1000000	380823	0.380823	0.380823
chr5_170	999999	999999	680233	0.680234	0.680234
chr6_8	1000000	1000000	706233	0.706233	0.706233
chr6_9	1000000	1000000	424337	0.424337	0.424337
chr6_10	1000000	1000000	347243	0.347243	0.347243
chr6_11	1000000	1000000	570095	0.570095	0.570095
chr6_19	1000000	1000000	638965	0.638965	0.638965
chr6_20	1000000	1000000	480620	0.48062	0.48062
chr6_21	1000000	1000000	567689	0.567689	0.567689
chr6_22	999998	999998	554898	0.554899	0.554899
chr6_23	1000000	1000000	456643	0.456643	0.456643
chr6_24	999999	999999	432903	0.432903	0.432903
chr6_30	1000000	1000000	7947.94	0.00794794	0.00794794
chr6_46	1000000	1000000	580612	0.580612	0.580612
chr6_47	1000000	1000000	765029	0.765029	0.765029
chr6_48	999999	999999	573212	0.573213	0.573213
chr6_49	999901	999901	372389	0.372426	0.372426
chr6_50	1000076	1000076	340042	0.340016	0.340016
chr6_51	1000000	1000000	330742	0.330742	0.330742
chr6_53	1000000	1000000	753292	0.753292	0.753292
chr6_54	1000000	1000000	1.00024e+06	1.00024	1.00024
chr6_56	1000000	1000000	344462	0.344462	0.344462
chr6_63	1000000	1000000	342064	0.342064	0.342064
chr6_64	999988	999988	476508	0.476513	0.476513
chr6_65	1000000	1000000	327440	0.32744	0.32744
chr6_66	1000000	1000000	309424	0.309424	0.309424
chr6_67	1000000	1000000	316888	0.316888	0.316888
chr6_68	999999	999999	263494	0.263494	0.263494
chr6_69	1000000	1000000	596135	0.596135	0.596135
chr6_70	1000000	1000000	554939	0.554939	0.554939
chr6_71	999811	999811	537762	0.537863	0.537863
chr6_72	1000000	1000000	569558	0.569558	0.569558
chr6_73	1000020	1000020	546424	0.546413	0.546413
chr6_74	999993	999993	715497	0.715502	0.715502
chr6_75	1000000	1000000	317838	0.317838	0.317838
chr6_76	1000001	1000001	659959	0.659958	0.659958
chr6_77	1000000	1000000	323223	0.323223	0.323223
chr6_78	1000000	1000000	322084	0.322084	0.322084
chr6_79	1000000	1000000	363023	0.363023	0.363023
chr6_80	1000000	1000000	692162	0.692162	0.692162
chr6_81	1000000	1000000	381665	0.381665	0.381665
chr6_82	1000000	1000000	376682	0.376682	0.376682
chr6_83	1000002	1000002	525326	0.525325	0.525325
chr6_84	1000000	1000000	604718	0.604718	0.604718
chr6_85	999999	999999	437930	0.437931	0.437931
chr6_86	1000000	1000000	523936	0.523936	0.523936
chr6_87	1000000	1000000	400724	0.400724	0.400724
chr6_88	1000000	1000000	652805	0.652805	0.652805
chr6_89	1000001	1000001	502111	0.50211	0.50211
chr6_90	1000000	1000000	843140	0.84314	0.84314
chr6_92	1000000	1000000	389387	0.389387	0.389387
chr6_93	1000000	1000000	335701	0.335701	0.335701
chr6_94	1000000	1000000	354894	0.354894	0.354894
chr6_95	970825	970825	310781	0.32012	0.32012
chr6_97	1000000	1000000	676128	0.676128	0.676128
chr6_98	1000000	1000000	594371	0.594371	0.594371
chr6_99	1000000	1000000	645768	0.645768	0.645768
chr6_100	1000000	1000000	536657	0.536657	0.536657
chr6_101	1000000	1000000	389095	0.389095	0.389095
chr6_102	999999	999999	396591	0.396591	0.396591
chr6_103	1000000	1000000	268699	0.268699	0.268699
chr6_105	1000000	1000000	508571	0.508571	0.508571
chr6_106	1000000	1000000	685204	0.685204	0.685204
chr6_113	999999	999999	588427	0.588428	0.588428
chr6_114	999962	999962	600002	0.600025	0.600025
chr6_115	1000000	1000000	551724	0.551724	0.551724
chr6_117	1000000	1000000	639900	0.6399	0.6399
chr6_118	1000000	1000000	516838	0.516838	0.516838
chr6_119	1000002	1000002	762527	0.762525	0.762525
chr6_120	999981	999981	556221	0.556231	0.556231
chr6_121	1000000	1000000	286565	0.286565	0.286565
chr6_122	1000000	1000000	453325	0.453325	0.453325
chr6_123	999999	999999	524811	0.524811	0.524811
chr6_124	1000000	1000000	480308	0.480308	0.480308
chr6_125	1000001	1000001	563207	0.563207	0.563207
chr6_127	999999	999999	380457	0.380457	0.380457
chr6_128	1000000	1000000	532444	0.532444	0.532444
chr6_129	1000000	1000000	656819	0.656819	0.656819
chr6_130	1000000	1000000	687816	0.687816	0.687816
chr6_131	999995	999995	607804	0.607807	0.607807
chr6_132	1000000	1000000	709673	0.709673	0.709673
chr6_133	999999	999999	613894	0.613894	0.613894
chr6_134	999999	999999	513251	0.513251	0.513251
chr6_136	1000000	1000000	572872	0.572872	0.572872
chr6_138	1000000	1000000	608558	0.608558	0.608558
chr6_139	1000000	1000000	873646	0.873646	0.873646
chr6_140	1000000	1000000	705195	0.705195	0.705195
chr6_141	1000000	1000000	388986	0.388986	0.388986
chr6_142	1000000	1000000	338826	0.338826	0.338826
chr6_143	1000000	1000000	649692	0.649692	0.649692
chr6_145	999999	999999	575176	0.575176	0.575176
chr6_146	1000000	1000000	501915	0.501915	0.501915
chr6_147	1000000	1000000	545071	0.545071	0.545071
chr6_148	1000000	1000000	555189	0.555189	0.555189
chr6_152	999999	999999	656003	0.656003	0.656003
chr6_153	1000000	1000000	642257	0.642257	0.642257
chr6_154	1000000	1000000	379911	0.379911	0.379911
chr6_155	999999	999999	771762	0.771763	0.771763
chr6_156	1000000	1000000	592002	0.592002	0.592002
chr7_8	1000000	1000000	654558	0.654558	0.654558
chr7_9	999999	999999	554545	0.554546	0.554546
chr7_10	999997	999997	322831	0.322832	0.322832
chr7_11	1000000	1000000	423507	0.423507	0.423507
chr7_12	999999	999999	448220	0.44822	0.44822
chr7_13	999999	999999	463114	0.463115	0.463115
chr7_14	1000000	1000000	417856	0.417856	0.417856
chr7_15	1000000	1000000	429521	0.429521	0.429521
chr7_16	1000000	1000000	400621	0.400621	0.400621
chr7_17	999999	999999	585568	0.585568	0.585568
chr7_18	999999	999999	549453	0.549454	0.549454
chr7_20	1000000	1000000	350898	0.350898	0.350898
chr7_21	999996	999996	479462	0.479464	0.479464
chr7_22	999999	999999	476500	0.476501	0.476501
chr7_23	1000001	1000001	966662	0.966661	0.966661
chr7_24	1000000	1000000	597443	0.597443	0.597443
chr7_25	1000000	1000000	710130	0.71013	0.71013
chr7_27	999999	999999	604224	0.604225	0.604225
chr7_28	1000000	1000000	606968	0.606968	0.606968
chr7_34	1000000	1000000	633634	0.633634	0.633634
chr7_35	1000000	1000000	634168	0.634168	0.634168
chr7_36	999998	999998	724222	0.724223	0.724223
chr7_38	999997	999997	991472	0.991475	0.991475
chr7_39	999998	999998	652903	0.652904	0.652904
chr7_40	999999	999999	649680	0.649681	0.649681
chr7_41	999999	999999	486749	0.48675	0.48675
chr7_42	1000001	1000001	494829	0.494828	0.494828
chr7_43	1000000	1000000	595885	0.595885	0.595885
chr7_47	999999	999999	423821	0.423821	0.423821
chr7_49	999999	999999	449622	0.449622	0.449622
chr7_50	1000000	1000000	389640	0.38964	0.38964
chr7_51	1028101	1028101	605405	0.588858	0.588858
chr7_52	999999	999999	916032	0.916033	0.916033
chr7_53	999997	999997	387650	0.387651	0.387651
chr7_54	1000000	1000000	351875	0.351875	0.351875
chr7_55	1000000	1000000	404118	0.404118	0.404118
chr7_56	1000000	1000000	831722	0.831722	0.831722
chr7_64	1000000	1000000	152463	0.152463	0.152463
chr7_65	1000000	1000000	487587	0.487587	0.487587
chr7_68	1000000	1000000	495623	0.495623	0.495623
chr7_69	1000000	1000000	518324	0.518324	0.518324
chr7_73	1005538	1005538	548834	0.545812	0.545812
chr7_78	1000000	1000000	663608	0.663608	0.663608
chr7_80	1000000	1000000	556650	0.55665	0.55665
chr7_81	1000000	1000000	611846	0.611846	0.611846
chr7_82	1000000	1000000	373418	0.373418	0.373418
chr7_83	1000000	1000000	526803	0.526803	0.526803
chr7_84	1000000	1000000	382636	0.382636	0.382636
chr7_85	1000000	1000000	342238	0.342238	0.342238
chr7_86	1000000	1000000	338045	0.338045	0.338045
chr7_87	1000000	1000000	667195	0.667195	0.667195
chr7_88	999999	999999	604909	0.604909	0.604909
chr7_89	999999	999999	493863	0.493864	0.493864
chr7_90	1000000	1000000	353150	0.35315	0.35315
chr7_91	1000001	1000001	540176	0.540175	0.540175
chr7_92	999999	999999	538179	0.53818	0.53818
chr7_93	1000000	1000000	846602	0.846602	0.846602
chr7_94	999998	999998	387306	0.387307	0.387307
chr7_95	1000000	1000000	508674	0.508674	0.508674
chr7_96	1000000	1000000	769721	0.769721	0.769721
chr7_97	1000000	1000000	549179	0.549179	0.549179
chr7_98	1000000	1000000	445602	0.445602	0.445602
chr7_104	1000000	1000000	612738	0.612738	0.612738
chr7_105	1000000	1000000	601514	0.601514	0.601514
chr7_107	999999	999999	663447	0.663448	0.663448
chr7_108	1000000	1000000	843075	0.843075	0.843075
chr7_109	999612	999612	753861	0.754154	0.754154
chr7_110	1000000	1000000	334137	0.334137	0.334137
chr7_111	999999	999999	392645	0.392646	0.392646
chr7_112	999999	999999	662620	0.66262	0.66262
chr7_113	1000000	1000000	868713	0.868713	0.868713
chr7_114	1000000	1000000	390197	0.390197	0.390197
chr7_115	999999	999999	383282	0.383283	0.383283
chr7_116	1000000	1000000	335675	0.335675	0.335675
chr7_117	1000000	1000000	630184	0.630184	0.630184
chr7_119	1000000	1000000	359830	0.35983	0.35983
chr7_120	1000000	1000000	287540	0.28754	0.28754
chr7_121	1000000	1000000	482043	0.482043	0.482043
chr7_122	1000000	1000000	503883	0.503883	0.503883
chr7_123	1000000	1000000	478990	0.47899	0.47899
chr7_124	1000000	1000000	478060	0.47806	0.47806
chr7_125	1000000	1000000	633447	0.633447	0.633447
chr7_126	1000000	1000000	319908	0.319908	0.319908
chr7_127	1000000	1000000	352457	0.352457	0.352457
chr7_136	999997	999997	764096	0.764098	0.764098
chr7_137	999999	999999	379673	0.379674	0.379674
chr7_138	999999	999999	877122	0.877123	0.877123
chr7_139	1000000	1000000	593359	0.593359	0.593359
chr7_148	1000000	1000000	553949	0.553949	0.553949
chr7_149	1000000	1000000	755567	0.755567	0.755567
chr7_154	1000000	1000000	380357	0.380357	0.380357
chr8_6	1000000	1000000	411265	0.411265	0.411265
chr8_14	1000000	1000000	638832	0.638832	0.638832
chr8_15	1000000	1000000	318013	0.318013	0.318013
chr8_16	1000000	1000000	402239	0.402239	0.402239
chr8_17	1000000	1000000	399614	0.399614	0.399614
chr8_25	1000002	1000002	439424	0.439423	0.439423
chr8_26	1000001	1000001	652939	0.652938	0.652938
chr8_31	1000000	1000000	740842	0.740842	0.740842
chr8_32	1000000	1000000	394922	0.394922	0.394922
chr8_33	1000002	1000002	401764	0.401763	0.401763
chr8_34	1000000	1000000	582625	0.582625	0.582625
chr8_35	1000000	1000000	389655	0.389655	0.389655
chr8_36	1000000	1000000	587901	0.587901	0.587901
chr8_37	1000000	1000000	411530	0.41153	0.41153
chr8_40	1000000	1000000	343896	0.343896	0.343896
chr8_41	1000000	1000000	679737	0.679737	0.679737
chr8_48	1000937	1000937	796502	0.795756	0.795756
chr8_49	999999	999999	617088	0.617088	0.617088
chr8_50	1000001	1000001	384190	0.38419	0.38419
chr8_51	1000000	1000000	392969	0.392969	0.392969
chr8_52	1000000	1000000	456640	0.45664	0.45664
chr8_53	1000000	1000000	651953	0.651953	0.651953
chr8_54	1000000	1000000	574068	0.574068	0.574068
chr8_55	1000000	1000000	508451	0.508451	0.508451
chr8_56	999999	999999	642195	0.642196	0.642196
chr8_57	1000000	1000000	464872	0.464872	0.464872
chr8_59	1000000	1000000	766815	0.766815	0.766815
chr8_61	1000000	1000000	821497	0.821497	0.821497
chr8_62	1000000	1000000	605718	0.605718	0.605718
chr8_63	1000000	1000000	479677	0.479677	0.479677
chr8_64	999998	999998	554359	0.55436	0.55436
chr8_65	999678	999678	514323	0.514489	0.514489
chr8_66	1000000	1000000	613715	0.613715	0.613715
chr8_67	1000000	1000000	903482	0.903482	0.903482
chr8_69	1000000	1000000	482132	0.482132	0.482132
chr8_71	1000000	1000000	554876	0.554876	0.554876
chr8_73	1000000	1000000	493298	0.493298	0.493298
chr8_74	1000000	1000000	629945	0.629945	0.629945
chr8_75	1000000	1000000	533416	0.533416	0.533416
chr8_77	1000001	1000001	505070	0.505069	0.505069
chr8_78	999999	999999	283944	0.283944	0.283944
chr8_79	1000000	1000000	377863	0.377863	0.377863
chr8_80	1000000	1000000	549590	0.54959	0.54959
chr8_81	1000000	1000000	890525	0.890525	0.890525
chr8_83	1000000	1000000	323074	0.323074	0.323074
chr8_84	1000000	1000000	286714	0.286714	0.286714
chr8_85	1000000	1000000	407080	0.40708	0.40708
chr8_87	999999	999999	527347	0.527348	0.527348
chr8_88	1000000	1000000	369944	0.369944	0.369944
chr8_90	999999	999999	526907	0.526907	0.526907
chr8_91	1000000	1000000	637805	0.637805	0.637805
chr8_92	1000000	1000000	440632	0.440632	0.440632
chr8_93	1000000	1000000	550496	0.550496	0.550496
chr8_94	1000000	1000000	640596	0.640596	0.640596
chr8_95	1000000	1000000	612601	0.612601	0.612601
chr8_96	1000000	1000000	524967	0.524967	0.524967
chr8_98	1000000	1000000	793214	0.793214	0.793214
chr8_99	1000000	1000000	670885	0.670885	0.670885
chr8_104	1000000	1000000	678023	0.678023	0.678023
chr8_105	1000000	1000000	629362	0.629362	0.629362
chr8_107	1000000	1000000	649398	0.649398	0.649398
chr8_108	1000000	1000000	522306	0.522306	0.522306
chr8_109	1000001	1000001	562208	0.562208	0.562208
chr8_110	1000000	1000000	561883	0.561883	0.561883
chr8_111	1000000	1000000	369422	0.369422	0.369422
chr8_112	1000000	1000000	321902	0.321902	0.321902
chr8_113	1000000	1000000	361519	0.361519	0.361519
chr8_114	1000000	1000000	343417	0.343417	0.343417
chr8_115	1000000	1000000	274940	0.27494	0.27494
chr8_116	999996	999996	544499	0.544502	0.544502
chr8_117	1000014	1000014	573992	0.573984	0.573984
chr8_120	1000000	1000000	865735	0.865735	0.865735
chr8_121	1000001	1000001	518681	0.51868	0.51868
chr8_122	999999	999999	440705	0.440705	0.440705
chr8_123	1000001	1000001	794570	0.794569	0.794569
chr8_127	1000001	1000001	551617	0.551616	0.551616
chr8_129	1000000	1000000	501897	0.501897	0.501897
chr8_130	1000000	1000000	619291	0.619291	0.619291
chr8_132	1000001	1000001	481650	0.48165	0.48165
chr8_137	1000000	1000000	494483	0.494483	0.494483
chr8_138	1000000	1000000	420183	0.420183	0.420183
chr9_2	1000000	1000000	476620	0.47662	0.47662
chr9_3	1000000	1000000	800224	0.800224	0.800224
chr9_4	1000000	1000000	637938	0.637938	0.637938
chr9_6	1000000	1000000	594695	0.594695	0.594695
chr9_7	1000000	1000000	776310	0.77631	0.77631
chr9_8	1000000	1000000	603847	0.603847	0.603847
chr9_9	1000000	1000000	914452	0.914452	0.914452
chr9_10	1000000	1000000	447974	0.447974	0.447974
chr9_11	1000000	1000000	387363	0.387363	0.387363
chr9_12	1000000	1000000	305961	0.305961	0.305961
chr9_13	999999	999999	385018	0.385019	0.385019
chr9_14	1000000	1000000	588558	0.588558	0.588558
chr9_16	1000000	1000000	503105	0.503105	0.503105
chr9_18	1000000	1000000	486279	0.486279	0.486279
chr9_19	1000000	1000000	500889	0.500889	0.500889
chr9_20	1000000	1000000	1.07903e+06	1.07903	1.07903
chr9_21	1000001	1000001	627241	0.62724	0.62724
chr9_22	1000000	1000000	480835	0.480835	0.480835
chr9_23	1000000	1000000	345925	0.345925	0.345925
chr9_24	999999	999999	478598	0.478598	0.478598
chr9_25	1000000	1000000	293735	0.293735	0.293735
chr9_26	1000000	1000000	336670	0.33667	0.33667
chr9_27	1000000	1000000	493098	0.493098	0.493098
chr9_28	1000000	1000000	850585	0.850585	0.850585
chr9_29	1000000	1000000	432012	0.432012	0.432012
chr9_30	1000000	1000000	319982	0.319982	0.319982
chr9_31	1000000	1000000	299986	0.299986	0.299986
chr9_32	1000000	1000000	326613	0.326613	0.326613
chr9_33	1000000	1000000	528668	0.528668	0.528668
chr9_70	1000000	1000000	808245	0.808245	0.808245
chr9_72	1000000	1000000	646301	0.646301	0.646301
chr9_73	1000000	1000000	733767	0.733767	0.733767
chr9_74	1000000	1000000	390989	0.390989	0.390989
chr9_75	1000000	1000000	579238	0.579238	0.579238
chr9_76	1000000	1000000	624867	0.624867	0.624867
chr9_78	1000000	1000000	786964	0.786964	0.786964
chr9_79	1000000	1000000	650985	0.650985	0.650985
chr9_80	999999	999999	577823	0.577823	0.577823
chr9_81	1000000	1000000	369369	0.369369	0.369369
chr9_82	1000000	1000000	549695	0.549695	0.549695
chr9_83	1000000	1000000	444461	0.444461	0.444461
chr9_91	1000000	1000000	579452	0.579452	0.579452
chr9_100	1000000	1000000	677166	0.677166	0.677166
chr9_101	1000000	1000000	660467	0.660467	0.660467
chr9_102	1000000	1000000	701097	0.701097	0.701097
chr9_103	1000000	1000000	295688	0.295688	0.295688
chr9_104	999999	999999	309722	0.309723	0.309723
chr9_105	1000000	1000000	526424	0.526424	0.526424
chr9_106	1000000	1000000	853218	0.853218	0.853218
chr9_107	1000000	1000000	590091	0.590091	0.590091
chr9_111	1000000	1000000	783722	0.783722	0.783722
chr9_112	1000000	1000000	692023	0.692023	0.692023
chr9_116	999999	999999	490562	0.490562	0.490562
chr9_119	1000000	1000000	427643	0.427643	0.427643
chr10_3	999998	999998	431537	0.431538	0.431538
chr10_5	1000000	1000000	575164	0.575164	0.575164
chr10_9	1000000	1000000	399300	0.3993	0.3993
chr10_10	1000000	1000000	390931	0.390931	0.390931
chr10_17	1000000	1000000	522961	0.522961	0.522961
chr10_18	1246930	1246930	485356	0.389241	0.389241
chr10_19	1000000	1000000	664729	0.664729	0.664729
chr10_20	1000000	1000000	496167	0.496167	0.496167
chr10_21	1000000	1000000	610931	0.610931	0.610931
chr10_22	1000000	1000000	787080	0.78708	0.78708
chr10_23	1000000	1000000	979399	0.979399	0.979399
chr10_24	1000000	1000000	600959	0.600959	0.600959
chr10_26	1000000	1000000	536898	0.536898	0.536898
chr10_27	1000000	1000000	654018	0.654018	0.654018
chr10_28	1000000	1000000	540974	0.540974	0.540974
chr10_29	1000000	1000000	623793	0.623793	0.623793
chr10_30	1000000	1000000	648467	0.648467	0.648467
chr10_31	1000000	1000000	797154	0.797154	0.797154
chr10_32	999999	999999	729790	0.729791	0.729791
chr10_33	1000000	1000000	606454	0.606454	0.606454
chr10_34	1000000	1000000	574987	0.574987	0.574987
chr10_35	1000000	1000000	606503	0.606503	0.606503
chr10_37	1000000	1000000	420212	0.420212	0.420212
chr10_38	1000000	1000000	408042	0.408042	0.408042
chr10_45	1000000	1000000	700155	0.700155	0.700155
chr10_50	1551715	1551715	648716	0.418064	0.418064
chr10_51	1000000	1000000	680434	0.680434	0.680434
chr10_52	1000000	1000000	518716	0.518716	0.518716
chr10_53	1000000	1000000	428417	0.428417	0.428417
chr10_54	1000000	1000000	324702	0.324702	0.324702
chr10_55	1000000	1000000	310735	0.310735	0.310735
chr10_56	1000000	1000000	276907	0.276907	0.276907
chr10_57	1000000	1000000	272323	0.272323	0.272323
chr10_58	1000000	1000000	328629	0.328629	0.328629
chr10_59	1000000	1000000	714634	0.714634	0.714634
chr10_60	999998	999998	1.09748e+06	1.09748	1.09748
chr10_62	1000001	1000001	663355	0.663354	0.663354
chr10_63	1000001	1000001	772484	0.772484	0.772484
chr10_64	1000000	1000000	829950	0.82995	0.82995
chr10_65	999998	999998	525868	0.525869	0.525869
chr10_66	1000000	1000000	317212	0.317212	0.317212
chr10_67	1000000	1000000	485346	0.485346	0.485346
chr10_68	999999	999999	598699	0.5987	0.5987
chr10_69	999999	999999	815456	0.815456	0.815456
chr10_81	1000000	1000000	816933	0.816933	0.816933
chr10_82	1000000	1000000	386712	0.386712	0.386712
chr10_84	1000000	1000000	507286	0.507286	0.507286
chr10_86	1000001	1000001	628477	0.628476	0.628476
chr10_88	1000000	1000000	510019	0.510019	0.510019
chr10_89	1000000	1000000	650850	0.65085	0.65085
chr10_90	1000000	1000000	943720	0.94372	0.94372
chr10_91	1000000	1000000	455690	0.45569	0.45569
chr10_93	1000000	1000000	759059	0.759059	0.759059
chr10_95	1000000	1000000	540323	0.540323	0.540323
chr10_96	1000000	1000000	948961	0.948961	0.948961
chr10_106	1000000	1000000	473311	0.473311	0.473311
chr10_107	1000000	1000000	517124	0.517124	0.517124
chr10_108	1000000	1000000	430761	0.430761	0.430761
chr10_109	1000000	1000000	379205	0.379205	0.379205
chr10_110	1000000	1000000	541569	0.541569	0.541569
chr10_112	1000000	1000000	496680	0.49668	0.49668
chr10_116	999752	999752	465115	0.46523	0.46523
chr11_5	1000000	1000000	422700	0.4227	0.4227
chr11_6	1000000	1000000	399417	0.399417	0.399417
chr11_7	1000001	1000001	863541	0.86354	0.86354
chr11_8	1000316	1000316	784145	0.783898	0.783898
chr11_15	999999	999999	652777	0.652778	0.652778
chr11_17	1000001	1000001	568210	0.568209	0.568209
chr11_19	1000000	1000000	696534	0.696534	0.696534
chr11_21	1000000	1000000	661658	0.661658	0.661658
chr11_22	1000000	1000000	469607	0.469607	0.469607
chr11_23	1000000	1000000	453093	0.453093	0.453093
chr11_24	1000000	1000000	306461	0.306461	0.306461
chr11_25	1000000	1000000	352825	0.352825	0.352825
chr11_26	1000001	1000001	299895	0.299895	0.299895
chr11_27	1000000	1000000	423883	0.423883	0.423883
chr11_28	1000000	1000000	568060	0.56806	0.56806
chr11_30	1000000	1000000	377910	0.37791	0.37791
chr11_31	1000000	1000000	530098	0.530098	0.530098
chr11_32	999999	999999	484960	0.48496	0.48496
chr11_33	1000000	1000000	499803	0.499803	0.499803
chr11_38	1000000	1000000	324071	0.324071	0.324071
chr11_39	1000000	1000000	291672	0.291672	0.291672
chr11_40	1000000	1000000	340204	0.340204	0.340204
chr11_41	1000000	1000000	555202	0.555202	0.555202
chr11_42	1000000	1000000	455471	0.455471	0.455471
chr11_43	1000000	1000000	438480	0.43848	0.43848
chr11_44	1000000	1000000	608621	0.608621	0.608621
chr11_49	1000000	1000000	561866	0.561866	0.561866
chr11_50	999986	999986	317342	0.317347	0.317347
chr11_56	1000000	1000000	252259	0.252259	0.252259
chr11_57	999999	999999	287436	0.287437	0.287437
chr11_59	1000001	1000001	507466	0.507465	0.507465
chr11_60	1000000	1000000	637182	0.637182	0.637182
chr11_61	999999	999999	593004	0.593004	0.593004
chr11_81	1000000	1000000	427598	0.427598	0.427598
chr11_82	999999	999999	361046	0.361047	0.361047
chr11_83	1000000	1000000	683363	0.683363	0.683363
chr11_86	999999	999999	618189	0.61819	0.61819
chr11_88	977319	977319	497412	0.508956	0.508956
chr11_89	994790	994790	459420	0.461826	0.461826
chr11_90	1000000	1000000	284304	0.284304	0.284304
chr11_91	1000000	1000000	331182	0.331182	0.331182
chr11_92	999998	999998	381646	0.381646	0.381646
chr11_96	1000000	1000000	909422	0.909422	0.909422
chr11_97	1137836	1137836	649889	0.571162	0.571162
chr11_98	999728	999728	329706	0.329796	0.329796
chr11_99	1000002	1000002	307666	0.307665	0.307665
chr11_100	1000002	1000002	376419	0.376418	0.376418
chr11_101	999999	999999	521701	0.521702	0.521702
chr11_102	1000000	1000000	399689	0.399689	0.399689
chr11_103	999998	999998	658440	0.658442	0.658442
chr11_105	999999	999999	421107	0.421108	0.421108
chr11_106	1000000	1000000	514344	0.514344	0.514344
chr11_107	999999	999999	561461	0.561461	0.561461
chr11_108	1000000	1000000	516420	0.51642	0.51642
chr11_109	1000001	1000001	716977	0.716976	0.716976
chr11_110	999999	999999	500323	0.500324	0.500324
chr11_111	999998	999998	735474	0.735476	0.735476
chr11_125	999189	999189	818652	0.819317	0.819317
chr11_128	999999	999999	490961	0.490962	0.490962
chr12_8	1044504	1044504	608350	0.582429	0.582429
chr12_9	1000000	1000000	633812	0.633812	0.633812
chr12_10	1000003	1000003	439133	0.439132	0.439132
chr12_11	1000000	1000000	640472	0.640472	0.640472
chr12_12	1000335	1000335	846707	0.846423	0.846423
chr12_15	1000000	1000000	679725	0.679725	0.679725
chr12_16	1000000	1000000	673551	0.673551	0.673551
chr12_17	1000000	1000000	501259	0.501259	0.501259
chr12_18	1000000	1000000	308721	0.308721	0.308721
chr12_19	1000000	1000000	368849	0.368849	0.368849
chr12_20	1000000	1000000	636677	0.636677	0.636677
chr12_22	1000000	1000000	525427	0.525427	0.525427
chr12_23	1000000	1000000	606110	0.60611	0.60611
chr12_24	1000000	1000000	447662	0.447662	0.447662
chr12_25	1000000	1000000	649912	0.649912	0.649912
chr12_26	999999	999999	580444	0.580445	0.580445
chr12_28	1000000	1000000	829728	0.829728	0.829728
chr12_29	1000000	1000000	454204	0.454204	0.454204
chr12_31	1000002	1000002	528663	0.528662	0.528662
chr12_32	999999	999999	630769	0.630769	0.630769
chr12_33	1000000	1000000	816043	0.816043	0.816043
chr12_34	1000001	1000001	331644	0.331644	0.331644
chr12_39	1000000	1000000	399090	0.39909	0.39909
chr12_40	1000000	1000000	501080	0.50108	0.50108
chr12_41	1000000	1000000	567821	0.567821	0.567821
chr12_43	1000001	1000001	572587	0.572587	0.572587
chr12_44	1000000	1000000	412506	0.412506	0.412506
chr12_45	999980	999980	555700	0.555711	0.555711
chr12_46	1000000	1000000	646911	0.646911	0.646911
chr12_47	1000000	1000000	581320	0.58132	0.58132
chr12_48	1000000	1000000	897167	0.897167	0.897167
chr12_56	1000000	1000000	649637	0.649637	0.649637
chr12_59	999998	999998	498347	0.498348	0.498348
chr12_60	1000000	1000000	456981	0.456981	0.456981
chr12_61	1000000	1000000	290836	0.290836	0.290836
chr12_63	999999	999999	919724	0.919724	0.919724
chr12_64	1000000	1000000	503854	0.503854	0.503854
chr12_65	1000000	1000000	771860	0.77186	0.77186
chr12_66	1000000	1000000	459610	0.45961	0.45961
chr12_68	1000000	1000000	601438	0.601438	0.601438
chr12_69	1000000	1000000	704965	0.704965	0.704965
chr12_70	1000000	1000000	700876	0.700876	0.700876
chr12_71	1000000	1000000	725222	0.725222	0.725222
chr12_72	1000000	1000000	582781	0.582781	0.582781
chr12_73	1000000	1000000	455366	0.455366	0.455366
chr12_74	1000000	1000000	296044	0.296044	0.296044
chr12_75	1000000	1000000	405247	0.405247	0.405247
chr12_76	1000000	1000000	568459	0.568459	0.568459
chr12_77	1000000	1000000	712450	0.71245	0.71245
chr12_78	1000000	1000000	572634	0.572634	0.572634
chr12_79	1000000	1000000	529252	0.529252	0.529252
chr12_80	1000000	1000000	674168	0.674168	0.674168
chr12_81	999999	999999	481525	0.481525	0.481525
chr12_82	1000000	1000000	539811	0.539811	0.539811
chr12_83	1000000	1000000	693089	0.693089	0.693089
chr12_84	1000000	1000000	407807	0.407807	0.407807
chr12_85	1000000	1000000	307540	0.30754	0.30754
chr12_86	999999	999999	302190	0.30219	0.30219
chr12_87	999999	999999	362738	0.362738	0.362738
chr12_88	1000000	1000000	338143	0.338143	0.338143
chr12_89	1000000	1000000	454705	0.454705	0.454705
chr12_91	1000000	1000000	468735	0.468735	0.468735
chr12_92	999999	999999	455602	0.455603	0.455603
chr12_93	1000000	1000000	697324	0.697324	0.697324
chr12_94	1000000	1000000	854571	0.854571	0.854571
chr12_95	1000000	1000000	776909	0.776909	0.776909
chr12_96	1000002	1000002	685938	0.685937	0.685937
chr12_97	1000000	1000000	670441	0.670441	0.670441
chr12_98	1000000	1000000	461648	0.461648	0.461648
chr12_99	1000000	1000000	892579	0.892579	0.892579
chr12_100	1000000	1000000	663440	0.66344	0.66344
chr12_101	1000000	1000000	641867	0.641867	0.641867
chr12_103	1000000	1000000	505556	0.505556	0.505556
chr12_104	1000000	1000000	556213	0.556213	0.556213
chr13_20	1000000	1000000	516076	0.516076	0.516076
chr13_22	1000000	1000000	638179	0.638179	0.638179
chr13_23	1000000	1000000	424359	0.424359	0.424359
chr13_24	1000000	1000000	646053	0.646053	0.646053
chr13_25	999999	999999	774013	0.774014	0.774014
chr13_29	1000000	1000000	654480	0.65448	0.65448
chr13_30	1000000	1000000	691607	0.691607	0.691607
chr13_32	1000000	1000000	652638	0.652638	0.652638
chr13_33	1000001	1000001	795298	0.795297	0.795297
chr13_34	999999	999999	940412	0.940413	0.940413
chr13_35	1000000	1000000	564076	0.564076	0.564076
chr13_36	1000000	1000000	639614	0.639614	0.639614
chr13_37	1000000	1000000	662255	0.662255	0.662255
chr13_38	1000000	1000000	412210	0.41221	0.41221
chr13_39	1000000	1000000	425611	0.425611	0.425611
chr13_40	1000000	1000000	712562	0.712562	0.712562
chr13_41	999999	999999	880378	0.880379	0.880379
chr13_42	1000000	1000000	797966	0.797966	0.797966
chr13_43	1000000	1000000	510446	0.510446	0.510446
chr13_47	1000000	1000000	734237	0.734237	0.734237
chr13_48	1000000	1000000	522626	0.522626	0.522626
chr13_49	1000001	1000001	783051	0.78305	0.78305
chr13_50	1000000	1000000	787626	0.787626	0.787626
chr13_51	1000000	1000000	782301	0.782301	0.782301
chr13_53	999999	999999	639856	0.639857	0.639857
chr13_54	1000000	1000000	520932	0.520932	0.520932
chr13_55	1000000	1000000	317328	0.317328	0.317328
chr13_56	999999	999999	260588	0.260588	0.260588
chr13_57	1000000	1000000	258269	0.258269	0.258269
chr13_59	1000000	1000000	301825	0.301825	0.301825
chr13_60	1000000	1000000	449857	0.449857	0.449857
chr13_61	1000000	1000000	431324	0.431324	0.431324
chr13_62	999999	999999	353685	0.353685	0.353685
chr13_63	1000000	1000000	294185	0.294185	0.294185
chr13_64	1000000	1000000	245557	0.245557	0.245557
chr13_65	999999	999999	261255	0.261255	0.261255
chr13_66	1000000	1000000	306905	0.306905	0.306905
chr13_67	1000000	1000000	661919	0.661919	0.661919
chr13_68	1000000	1000000	578449	0.578449	0.578449
chr13_69	1000000	1000000	273272	0.273272	0.273272
chr13_70	1000000	1000000	256528	0.256528	0.256528
chr13_71	1000000	1000000	275845	0.275845	0.275845
chr13_72	1000006	1000006	334716	0.334714	0.334714
chr13_73	1000000	1000000	428089	0.428089	0.428089
chr13_74	999999	999999	527059	0.527059	0.527059
chr13_75	1000000	1000000	523171	0.523171	0.523171
chr13_76	999999	999999	584927	0.584927	0.584927
chr13_77	999999	999999	535526	0.535527	0.535527
chr13_78	1000000	1000000	790732	0.790732	0.790732
chr13_79	1000000	1000000	425400	0.4254	0.4254
chr13_80	1000000	1000000	598840	0.59884	0.59884
chr13_81	1000000	1000000	667776	0.667776	0.667776
chr13_82	1000000	1000000	304827	0.304827	0.304827
chr13_83	1000000	1000000	283913	0.283913	0.283913
chr13_84	1000000	1000000	468238	0.468238	0.468238
chr13_85	1000000	1000000	312670	0.31267	0.31267
chr13_86	1000000	1000000	305583	0.305583	0.305583
chr13_88	1000000	1000000	337347	0.337347	0.337347
chr13_89	999999	999999	302079	0.302079	0.302079
chr13_90	1000000	1000000	301364	0.301364	0.301364
chr13_91	1000000	1000000	337936	0.337936	0.337936
chr13_92	999999	999999	420508	0.420509	0.420509
chr13_93	1000000	1000000	338186	0.338186	0.338186
chr13_94	1000001	1000001	427308	0.427307	0.427307
chr13_95	1000000	1000000	598025	0.598025	0.598025
chr13_96	1000000	1000000	630500	0.6305	0.6305
chr13_97	1000000	1000000	571360	0.57136	0.57136
chr13_101	1000098	1000098	789783	0.789705	0.789705
chr13_102	999998	999998	593018	0.593019	0.593019
chr13_104	1000000	1000000	381227	0.381227	0.381227
chr13_105	1000001	1000001	377772	0.377771	0.377771
chr13_106	999998	999998	419770	0.419771	0.419771
chr13_108	1000000	1000000	524146	0.524146	0.524146
chr13_109	1000000	1000000	480687	0.480687	0.480687
chr14_21	1000000	1000000	701923	0.701923	0.701923
chr14_22	1000080	1000080	736566	0.736507	0.736507
chr14_23	1000970	1000970	765283	0.764542	0.764542
chr14_26	1000000	1000000	519244	0.519244	0.519244
chr14_28	1000000	1000000	291192	0.291192	0.291192
chr14_29	1000000	1000000	478006	0.478006	0.478006
chr14_30	1000000	1000000	576679	0.576679	0.576679
chr14_31	1000000	1000000	539427	0.539427	0.539427
chr14_37	999999	999999	464120	0.46412	0.46412
chr14_39	999999	999999	568259	0.56826	0.56826
chr14_40	1000000	1000000	597382	0.597382	0.597382
chr14_41	1000001	1000001	305973	0.305973	0.305973
chr14_42	999998	999998	331233	0.331233	0.331233
chr14_43	1000000	1000000	295391	0.295391	0.295391
chr14_44	1000000	1000000	274284	0.274284	0.274284
chr14_48	1000000	1000000	474811	0.474811	0.474811
chr14_49	1000000	1000000	316509	0.316509	0.316509
chr14_50	997515	997515	659155	0.660797	0.660797
chr14_53	1000000	1000000	699986	0.699986	0.699986
chr14_54	1000000	1000000	600392	0.600392	0.600392
chr14_56	1000000	1000000	731683	0.731683	0.731683
chr14_57	1000000	1000000	547205	0.547205	0.547205
chr14_59	1000000	1000000	741047	0.741047	0.741047
chr14_60	1000000	1000000	750024	0.750024	0.750024
chr14_61	1000000	1000000	528932	0.528932	0.528932
chr14_62	1000000	1000000	815055	0.815055	0.815055
chr14_63	1000000	1000000	453808	0.453808	0.453808
chr14_64	1000000	1000000	661744	0.661744	0.661744
chr14_67	999999	999999	522769	0.522769	0.522769
chr14_81	1000001	1000001	452354	0.452354	0.452354
chr14_82	1000000	1000000	721440	0.72144	0.72144
chr14_83	1000000	1000000	428222	0.428222	0.428222
chr14_84	1000000	1000000	328357	0.328357	0.328357
chr14_85	1000000	1000000	369870	0.36987	0.36987
chr14_86	1000000	1000000	521386	0.521386	0.521386
chr14_88	1000000	1000000	572705	0.572705	0.572705
chr14_98	1000000	1000000	491559	0.491559	0.491559
chr14_99	1000000	1000000	425621	0.425621	0.425621
chr15_25	1000000	1000000	342148	0.342148	0.342148
chr15_27	1000000	1000000	629927	0.629927	0.629927
chr15_28	999999	999999	660456	0.660457	0.660457
chr15_35	1000000	1000000	624638	0.624638	0.624638
chr15_36	1000000	1000000	454049	0.454049	0.454049
chr15_37	1000000	1000000	468103	0.468103	0.468103
chr15_38	1000000	1000000	501524	0.501524	0.501524
chr15_39	1000000	1000000	739321	0.739321	0.739321
chr15_40	1000000	1000000	601242	0.601242	0.601242
chr15_46	1000000	1000000	838246	0.838246	0.838246
chr15_47	1000000	1000000	408033	0.408033	0.408033
chr15_48	999999	999999	630784	0.630785	0.630785
chr15_49	1000000	1000000	671367	0.671367	0.671367
chr15_50	1000000	1000000	591326	0.591326	0.591326
chr15_51	1000000	1000000	647307	0.647307	0.647307
chr15_54	1000000	1000000	393914	0.393914	0.393914
chr15_56	1000000	1000000	571845	0.571845	0.571845
chr15_82	1000000	1000000	601401	0.601401	0.601401
chr15_87	1000000	1000000	499344	0.499344	0.499344
chr15_88	1000000	1000000	508846	0.508846	0.508846
chr15_94	999999	999999	657106	0.657107	0.657107
chr15_95	1000000	1000000	405737	0.405737	0.405737
chr15_96	1000000	1000000	443390	0.44339	0.44339
chr15_97	1000001	1000001	429463	0.429463	0.429463
chr15_98	1000000	1000000	417094	0.417094	0.417094
chr16_32	1000000	1000000	710986	0.710986	0.710986
chr16_33	1000000	1000000	97839.6	0.0978396	0.0978396
chr16_48	1000000	1000000	671450	0.67145	0.67145
chr16_53	1000000	1000000	532029	0.532029	0.532029
chr16_60	1000000	1000000	374247	0.374247	0.374247
chr16_61	1000000	1000000	340123	0.340123	0.340123
chr16_62	1000000	1000000	442650	0.44265	0.44265
chr16_63	1000000	1000000	454463	0.454463	0.454463
chr16_64	1000000	1000000	354269	0.354269	0.354269
chr16_65	999999	999999	476367	0.476368	0.476368
chr16_66	1000000	1000000	642279	0.642279	0.642279
chr16_77	999999	999999	537695	0.537695	0.537695
chr16_78	1000000	1000000	598495	0.598495	0.598495
chr17_14	1000000	1000000	459491	0.459491	0.459491
chr17_15	1000000	1000000	452204	0.452204	0.452204
chr17_53	1000000	1000000	393312	0.393312	0.393312
chr17_55	1000000	1000000	451452	0.451452	0.451452
chr17_70	1000000	1000000	550478	0.550478	0.550478
chr17_71	1000000	1000000	637678	0.637678	0.637678
chr17_72	1000000	1000000	491007	0.491007	0.491007
chr18_2	1000000	1000000	320531	0.320531	0.320531
chr18_5	999999	999999	545911	0.545912	0.545912
chr18_6	1000000	1000000	679087	0.679087	0.679087
chr18_7	1000000	1000000	590719	0.590719	0.590719
chr18_8	999999	999999	580473	0.580474	0.580474
chr18_12	1000001	1000001	613003	0.613002	0.613002
chr18_15	1000000	1000000	257179	0.257179	0.257179
chr18_22	1000000	1000000	631666	0.631666	0.631666
chr18_23	1000002	1000002	423279	0.423278	0.423278
chr18_26	1000000	1000000	518389	0.518389	0.518389
chr18_27	1000000	1000000	752843	0.752843	0.752843
chr18_28	1000000	1000000	470556	0.470556	0.470556
chr18_29	1000000	1000000	525897	0.525897	0.525897
chr18_30	1000001	1000001	313631	0.313631	0.313631
chr18_31	1000001	1000001	341503	0.341502	0.341502
chr18_32	999997	999997	467309	0.46731	0.46731
chr18_33	1000001	1000001	687008	0.687007	0.687007
chr18_34	1000000	1000000	424288	0.424288	0.424288
chr18_35	1000000	1000000	800635	0.800635	0.800635
chr18_37	1000000	1000000	703546	0.703546	0.703546
chr18_38	1000001	1000001	833799	0.833798	0.833798
chr18_39	1000000	1000000	439154	0.439154	0.439154
chr18_40	1000000	1000000	415002	0.415002	0.415002
chr18_41	1000000	1000000	390355	0.390355	0.390355
chr18_42	1000000	1000000	438727	0.438727	0.438727
chr18_43	1000001	1000001	461997	0.461996	0.461996
chr18_44	1000000	1000000	363357	0.363357	0.363357
chr18_45	1000000	1000000	620057	0.620057	0.620057
chr18_52	1000000	1000000	570669	0.570669	0.570669
chr18_54	1000000	1000000	445006	0.445006	0.445006
chr18_55	1140861	1140861	476032	0.417257	0.417257
chr18_56	1000000	1000000	1.13e+06	1.13	1.13
chr18_57	1000000	1000000	695398	0.695398	0.695398
chr18_60	1000000	1000000	573314	0.573314	0.573314
chr18_61	1000001	1000001	408766	0.408766	0.408766
chr18_62	1000000	1000000	701238	0.701238	0.701238
chr18_63	1000000	1000000	985790	0.98579	0.98579
chr18_64	1000001	1000001	708758	0.708757	0.708757
chr18_65	1000002	1000002	362272	0.362272	0.362272
chr18_66	1000000	1000000	322114	0.322114	0.322114
chr18_67	1000001	1000001	342199	0.342199	0.342199
chr18_68	1000000	1000000	370812	0.370812	0.370812
chr18_69	1000000	1000000	381628	0.381628	0.381628
chr18_70	999999	999999	428996	0.428997	0.428997
chr18_71	1000000	1000000	603770	0.60377	0.60377
chr18_72	999999	999999	355350	0.35535	0.35535
chr18_73	1000000	1000000	434182	0.434182	0.434182
chr18_74	1000000	1000000	468590	0.46859	0.46859
chr18_78	1000000	1000000	733340	0.73334	0.73334
chr19_21	1071997	1071997	457717	0.426976	0.426976
chr19_22	999996	999996	522008	0.52201	0.52201
chr19_23	1000000	1000000	337608	0.337608	0.337608
chr19_24	1000000	1000000	431614	0.431614	0.431614
chr19_53	1000000	1000000	654257	0.654257	0.654257
chr20_7	1000001	1000001	502356	0.502356	0.502356
chr20_8	1000000	1000000	424165	0.424165	0.424165
chr20_12	1000000	1000000	610439	0.610439	0.610439
chr20_13	1000000	1000000	576647	0.576647	0.576647
chr20_14	999998	999998	526894	0.526896	0.526896
chr20_15	1000000	1000000	488084	0.488084	0.488084
chr20_16	999999	999999	615872	0.615873	0.615873
chr20_17	1000000	1000000	726224	0.726224	0.726224
chr20_19	1000000	1000000	672894	0.672894	0.672894
chr20_22	999997	999997	650640	0.650642	0.650642
chr20_23	999999	999999	426713	0.426713	0.426713
chr20_26	1000000	1000000	925162	0.925162	0.925162
chr20_53	1000000	1000000	525922	0.525922	0.525922
chr20_54	1000000	1000000	716350	0.71635	0.71635
chr20_55	1000000	1000000	530448	0.530448	0.530448
chr20_56	958517	958517	370787	0.386834	0.386834
chr21_14	1000000	1000000	102873	0.102873	0.102873
chr21_15	1000000	1000000	477075	0.477075	0.477075
chr21_16	999999	999999	555767	0.555768	0.555768
chr21_17	1000000	1000000	772389	0.772389	0.772389
chr21_18	999997	999997	680081	0.680083	0.680083
chr21_19	1000001	1000001	332278	0.332278	0.332278
chr21_20	999996	999996	316966	0.316967	0.316967
chr21_21	1000004	1000004	458726	0.458724	0.458724
chr21_22	1000001	1000001	488077	0.488077	0.488077
chr21_23	1000003	1000003	315377	0.315376	0.315376
chr21_24	999993	999993	313482	0.313485	0.313485
chr21_25	999997	999997	356583	0.356584	0.356584
chr21_26	1000003	1000003	769901	0.769898	0.769898
chr21_27	1000004	1000004	753418	0.753415	0.753415
chr21_28	1000000	1000000	403365	0.403365	0.403365
chr21_29	1000002	1000002	579646	0.579645	0.579645
chr21_31	1000001	1000001	379520	0.379519	0.379519
chr21_36	1000001	1000001	558334	0.558333	0.558333
chr22_35	1000001	1000001	490794	0.490793	0.490793
