chr1_50	1000000	1000000	434536	0.434536	0.434536
chr1_61	1000000	1000000	536514	0.536514	0.536514
chr1_63	999999	999999	659917	0.659918	0.659918
chr1_68	1000000	1000000	684464	0.684464	0.684464
chr1_69	1000000	1000000	584245	0.584245	0.584245
chr1_70	1000000	1000000	554154	0.554154	0.554154
chr1_71	1000000	1000000	491030	0.49103	0.49103
chr1_72	1000000	1000000	504190	0.50419	0.50419
chr1_73	1000000	1000000	378874	0.378874	0.378874
chr1_74	1000001	1000001	319922	0.319922	0.319922
chr1_75	1000000	1000000	462745	0.462745	0.462745
chr1_76	1000001	1000001	427675	0.427675	0.427675
chr1_77	1000000	1000000	726296	0.726296	0.726296
chr1_78	999999	999999	1.05743e+06	1.05743	1.05743
chr1_79	1000001	1000001	396191	0.39619	0.39619
chr1_80	1000000	1000000	315451	0.315451	0.315451
chr1_81	1000000	1000000	269602	0.269602	0.269602
chr1_82	999999	999999	461958	0.461959	0.461959
chr1_83	999999	999999	392539	0.392539	0.392539
chr1_84	1000000	1000000	500612	0.500612	0.500612
chr1_85	1000000	1000000	859378	0.859378	0.859378
chr1_86	1000000	1000000	570778	0.570778	0.570778
chr1_87	1000000	1000000	594805	0.594805	0.594805
chr1_89	1000000	1000000	627688	0.627688	0.627688
chr1_90	999876	999876	1.02958e+06	1.02971	1.02971
chr1_91	999998	999998	431143	0.431144	0.431144
chr1_93	1000000	1000000	759448	0.759448	0.759448
chr1_94	999999	999999	736139	0.73614	0.73614
chr1_96	1000000	1000000	569356	0.569356	0.569356
chr1_97	1000000	1000000	536555	0.536555	0.536555
chr1_98	1000000	1000000	577330	0.57733	0.57733
chr1_99	1000000	1000000	431352	0.431352	0.431352
chr1_100	1000000	1000000	509975	0.509975	0.509975
chr1_101	1000000	1000000	595756	0.595756	0.595756
chr1_102	1000000	1000000	490348	0.490348	0.490348
chr1_103	1000000	1000000	275835	0.275835	0.275835
chr1_105	1000000	1000000	260067	0.260067	0.260067
chr1_106	1000000	1000000	246393	0.246393	0.246393
chr1_107	1000000	1000000	302521	0.302521	0.302521
chr1_108	1000000	1000000	495415	0.495415	0.495415
chr1_109	1000000	1000000	709603	0.709603	0.709603
chr1_114	1000000	1000000	696584	0.696584	0.696584
chr1_115	999999	999999	614025	0.614025	0.614025
chr1_116	1000000	1000000	637382	0.637382	0.637382
chr1_118	1000001	1000001	671871	0.67187	0.67187
chr1_119	1000000	1000000	343366	0.343366	0.343366
chr1_120	1000000	1000000	717667	0.717667	0.717667
chr1_153	1000000	1000000	407473	0.407473	0.407473
chr1_158	999998	999998	540913	0.540914	0.540914
chr1_159	1000000	1000000	445769	0.445769	0.445769
chr1_160	1000000	1000000	589555	0.589555	0.589555
chr1_161	1000000	1000000	1.25738e+06	1.25738	1.25738
chr1_164	999447	999447	527167	0.527459	0.527459
chr1_165	1000000	1000000	768539	0.768539	0.768539
chr1_167	1000000	1000000	645429	0.645429	0.645429
chr1_170	999903	999903	750017	0.75009	0.75009
chr1_171	1000000	1000000	497242	0.497242	0.497242
chr1_172	999999	999999	746527	0.746528	0.746528
chr1_173	1000000	1000000	598644	0.598644	0.598644
chr1_174	999998	999998	578885	0.578886	0.578886
chr1_175	999998	999998	690139	0.69014	0.69014
chr1_177	1000000	1000000	539247	0.539247	0.539247
chr1_179	1000000	1000000	664137	0.664137	0.664137
chr1_180	1000000	1000000	679786	0.679786	0.679786
chr1_186	1000000	1000000	526163	0.526163	0.526163
chr1_187	1000000	1000000	427489	0.427489	0.427489
chr1_188	999999	999999	307674	0.307675	0.307675
chr1_189	1000000	1000000	251057	0.251057	0.251057
chr1_190	999999	999999	242666	0.242666	0.242666
chr1_191	1000000	1000000	309372	0.309372	0.309372
chr1_192	1000000	1000000	297217	0.297217	0.297217
chr1_193	1000000	1000000	412220	0.41222	0.41222
chr1_194	1000000	1000000	493600	0.4936	0.4936
chr1_195	1000000	1000000	322463	0.322463	0.322463
chr1_196	1000000	1000000	286997	0.286997	0.286997
chr1_197	1000000	1000000	315336	0.315336	0.315336
chr1_198	1000000	1000000	456982	0.456982	0.456982
chr1_199	999999	999999	531514	0.531515	0.531515
chr1_200	999999	999999	423909	0.42391	0.42391
chr1_201	1000000	1000000	795111	0.795111	0.795111
chr1_208	1000000	1000000	833894	0.833894	0.833894
chr1_214	1000001	1000001	676814	0.676814	0.676814
chr1_215	1000000	1000000	672562	0.672562	0.672562
chr1_216	999999	999999	397143	0.397144	0.397144
chr1_217	1000000	1000000	441615	0.441615	0.441615
chr1_218	1000000	1000000	447855	0.447855	0.447855
chr1_219	1000000	1000000	516455	0.516455	0.516455
chr1_220	1000000	1000000	519413	0.519413	0.519413
chr1_221	1000000	1000000	651302	0.651302	0.651302
chr1_222	1000000	1000000	637480	0.63748	0.63748
chr1_223	1000000	1000000	571964	0.571964	0.571964
chr1_226	999999	999999	990681	0.990682	0.990682
chr1_234	1000000	1000000	740813	0.740813	0.740813
chr1_238	1000000	1000000	589614	0.589614	0.589614
chr1_239	1000000	1000000	408304	0.408304	0.408304
chr1_240	1000000	1000000	590542	0.590542	0.590542
chr1_241	1000000	1000000	625517	0.625517	0.625517
chr1_242	1000002	1000002	725191	0.72519	0.72519
chr1_243	1000000	1000000	612204	0.612204	0.612204
chr1_248	1000000	1000000	542015	0.542015	0.542015
chr2_6	999999	999999	484121	0.484122	0.484122
chr2_7	999999	999999	706429	0.70643	0.70643
chr2_8	1000000	1000000	715830	0.71583	0.71583
chr2_13	999999	999999	724123	0.724124	0.724124
chr2_15	999999	999999	473135	0.473136	0.473136
chr2_18	999999	999999	637130	0.637131	0.637131
chr2_19	1000007	1000007	503543	0.503539	0.503539
chr2_20	1018488	1018488	616664	0.60547	0.60547
chr2_23	1000000	1000000	433673	0.433673	0.433673
chr2_32	1002203	1002203	599408	0.598091	0.598091
chr2_35	1000000	1000000	452146	0.452146	0.452146
chr2_36	1002073	1002073	311681	0.311036	0.311036
chr2_38	1000000	1000000	649115	0.649115	0.649115
chr2_41	1000000	1000000	468618	0.468618	0.468618
chr2_42	1000000	1000000	528306	0.528306	0.528306
chr2_52	1000000	1000000	345075	0.345075	0.345075
chr2_53	1000000	1000000	328203	0.328203	0.328203
chr2_54	999999	999999	688387	0.688388	0.688388
chr2_57	1000000	1000000	438842	0.438842	0.438842
chr2_58	1000000	1000000	372541	0.372541	0.372541
chr2_59	1000000	1000000	657711	0.657711	0.657711
chr2_60	1000000	1000000	491090	0.49109	0.49109
chr2_61	1000000	1000000	728139	0.728139	0.728139
chr2_62	1000000	1000000	883763	0.883763	0.883763
chr2_63	1000000	1000000	714178	0.714178	0.714178
chr2_64	999999	999999	514529	0.514529	0.514529
chr2_67	999998	999998	561152	0.561153	0.561153
chr2_68	1000000	1000000	439106	0.439106	0.439106
chr2_76	999999	999999	535331	0.535332	0.535332
chr2_77	1000000	1000000	415633	0.415633	0.415633
chr2_78	1000000	1000000	365943	0.365943	0.365943
chr2_79	1000000	1000000	443040	0.44304	0.44304
chr2_81	999998	999998	599135	0.599136	0.599136
chr2_82	1000000	1000000	288321	0.288321	0.288321
chr2_83	1000000	1000000	301048	0.301048	0.301048
chr2_84	1000000	1000000	315391	0.315391	0.315391
chr2_85	999999	999999	661104	0.661105	0.661105
chr2_103	999996	999996	549868	0.54987	0.54987
chr2_104	1000000	1000000	336157	0.336157	0.336157
chr2_105	1000000	1000000	1.00309e+06	1.00309	1.00309
chr2_107	1000000	1000000	585160	0.58516	0.58516
chr2_108	1000000	1000000	421508	0.421508	0.421508
chr2_109	1000000	1000000	621777	0.621777	0.621777
chr2_115	1000000	1000000	538842	0.538842	0.538842
chr2_116	999999	999999	430009	0.430009	0.430009
chr2_117	1000000	1000000	350420	0.35042	0.35042
chr2_118	1000000	1000000	424401	0.424401	0.424401
chr2_119	1000000	1000000	502919	0.502919	0.502919
chr2_123	1000000	1000000	446188	0.446188	0.446188
chr2_124	1000001	1000001	283432	0.283432	0.283432
chr2_125	1000000	1000000	624610	0.62461	0.62461
chr2_126	1000000	1000000	382127	0.382127	0.382127
chr2_127	999999	999999	588269	0.58827	0.58827
chr2_130	999999	999999	651199	0.6512	0.6512
chr2_132	1000000	1000000	504235	0.504235	0.504235
chr2_134	999998	999998	706999	0.707001	0.707001
chr2_136	1000000	1000000	682452	0.682452	0.682452
chr2_137	1000000	1000000	556722	0.556722	0.556722
chr2_138	1000000	1000000	366253	0.366253	0.366253
chr2_139	1000000	1000000	493381	0.493381	0.493381
chr2_140	999999	999999	381724	0.381725	0.381725
chr2_141	1000000	1000000	392371	0.392371	0.392371
chr2_142	1000000	1000000	535687	0.535687	0.535687
chr2_143	1000000	1000000	418099	0.418099	0.418099
chr2_144	999998	999998	508021	0.508022	0.508022
chr2_145	1000000	1000000	1.09377e+06	1.09377	1.09377
chr2_146	1000001	1000001	492209	0.492208	0.492208
chr2_147	1000000	1000000	326827	0.326827	0.326827
chr2_148	1000001	1000001	463187	0.463187	0.463187
chr2_150	1000000	1000000	526563	0.526563	0.526563
chr2_151	1000000	1000000	452969	0.452969	0.452969
chr2_152	1000000	1000000	657260	0.65726	0.65726
chr2_153	1000000	1000000	1.2917e+06	1.2917	1.2917
chr2_154	999999	999999	400463	0.400464	0.400464
chr2_155	999999	999999	416186	0.416186	0.416186
chr2_156	1000000	1000000	305819	0.305819	0.305819
chr2_157	1000000	1000000	507588	0.507588	0.507588
chr2_158	1000000	1000000	598709	0.598709	0.598709
chr2_159	1000000	1000000	776491	0.776491	0.776491
chr2_160	999999	999999	767947	0.767947	0.767947
chr2_161	1000000	1000000	527978	0.527978	0.527978
chr2_163	1000000	1000000	542707	0.542707	0.542707
chr2_164	1000000	1000000	458229	0.458229	0.458229
chr2_165	1000000	1000000	441313	0.441313	0.441313
chr2_166	1000000	1000000	596519	0.596519	0.596519
chr2_167	1000000	1000000	330936	0.330936	0.330936
chr2_168	1000000	1000000	509993	0.509993	0.509993
chr2_169	1000000	1000000	774569	0.774569	0.774569
chr2_170	1000000	1000000	694655	0.694655	0.694655
chr2_172	1008397	1008397	749995	0.74375	0.74375
chr2_174	1000000	1000000	590335	0.590335	0.590335
chr2_176	1000000	1000000	464616	0.464616	0.464616
chr2_178	999999	999999	807975	0.807976	0.807976
chr2_179	1000000	1000000	630141	0.630141	0.630141
chr2_180	1000000	1000000	563223	0.563223	0.563223
chr2_181	1000000	1000000	451558	0.451558	0.451558
chr2_183	1000001	1000001	632031	0.63203	0.63203
chr2_184	999999	999999	438624	0.438625	0.438625
chr2_185	1000000	1000000	292464	0.292464	0.292464
chr2_186	1000000	1000000	261869	0.261869	0.261869
chr2_187	1000000	1000000	545418	0.545418	0.545418
chr2_188	1000000	1000000	358794	0.358794	0.358794
chr2_189	999999	999999	384261	0.384262	0.384262
chr2_190	1000000	1000000	532537	0.532537	0.532537
chr2_191	1000000	1000000	1.04121e+06	1.04121	1.04121
chr2_192	1000000	1000000	636275	0.636275	0.636275
chr2_193	1000000	1000000	445781	0.445781	0.445781
chr2_194	999998	999998	237353	0.237353	0.237353
chr2_195	1000000	1000000	264234	0.264234	0.264234
chr2_196	1000000	1000000	508548	0.508548	0.508548
chr2_197	1000000	1000000	791834	0.791834	0.791834
chr2_198	1000000	1000000	1.08784e+06	1.08784	1.08784
chr2_199	999999	999999	541296	0.541296	0.541296
chr2_200	1000000	1000000	741436	0.741436	0.741436
chr2_201	1000000	1000000	896723	0.896723	0.896723
chr2_203	1000000	1000000	717303	0.717303	0.717303
chr2_205	1000000	1000000	532971	0.532971	0.532971
chr2_206	1000001	1000001	595682	0.595681	0.595681
chr2_207	1000000	1000000	654202	0.654202	0.654202
chr2_209	1000000	1000000	527428	0.527428	0.527428
chr2_210	1000000	1000000	498726	0.498726	0.498726
chr2_211	1000000	1000000	601927	0.601927	0.601927
chr2_212	1000001	1000001	450482	0.450482	0.450482
chr2_213	999999	999999	485264	0.485265	0.485265
chr2_214	1000000	1000000	399883	0.399883	0.399883
chr2_215	1000000	1000000	548310	0.54831	0.54831
chr2_216	999999	999999	633697	0.633698	0.633698
chr2_221	999999	999999	525945	0.525946	0.525946
chr2_222	999999	999999	544666	0.544667	0.544667
chr2_224	999999	999999	656323	0.656323	0.656323
chr2_225	1000000	1000000	792368	0.792368	0.792368
chr2_226	999999	999999	539911	0.539911	0.539911
chr2_228	1000000	1000000	687017	0.687017	0.687017
chr2_229	1000000	1000000	368859	0.368859	0.368859
chr2_231	999999	999999	749537	0.749538	0.749538
chr3_2	1000000	1000000	400711	0.400711	0.400711
chr3_3	1000000	1000000	517306	0.517306	0.517306
chr3_6	1000002	1000002	565115	0.565114	0.565114
chr3_7	1000000	1000000	355146	0.355146	0.355146
chr3_9	999997	999997	727099	0.727101	0.727101
chr3_18	1000000	1000000	660171	0.660171	0.660171
chr3_19	1000000	1000000	512070	0.51207	0.51207
chr3_21	1000000	1000000	626284	0.626284	0.626284
chr3_23	999999	999999	355371	0.355371	0.355371
chr3_24	1000000	1000000	876022	0.876022	0.876022
chr3_26	1000000	1000000	648417	0.648417	0.648417
chr3_28	1000000	1000000	527982	0.527982	0.527982
chr3_29	1000000	1000000	458450	0.45845	0.45845
chr3_31	1000001	1000001	513902	0.513901	0.513901
chr3_32	1000000	1000000	548067	0.548067	0.548067
chr3_33	1000000	1000000	765041	0.765041	0.765041
chr3_34	1000000	1000000	782644	0.782644	0.782644
chr3_35	1000000	1000000	596007	0.596007	0.596007
chr3_36	1000000	1000000	485329	0.485329	0.485329
chr3_42	1000001	1000001	555287	0.555286	0.555286
chr3_60	1000000	1000000	562401	0.562401	0.562401
chr3_61	999946	999946	523026	0.523054	0.523054
chr3_64	1000000	1000000	611730	0.61173	0.61173
chr3_68	998722	998722	478593	0.479205	0.479205
chr3_71	1000000	1000000	485810	0.48581	0.48581
chr3_75	1000000	1000000	467575	0.467575	0.467575
chr3_77	1000000	1000000	378502	0.378502	0.378502
chr3_78	1000000	1000000	388817	0.388817	0.388817
chr3_80	1000000	1000000	336094	0.336094	0.336094
chr3_82	1000000	1000000	420222	0.420222	0.420222
chr3_83	1000000	1000000	302891	0.302891	0.302891
chr3_84	1000000	1000000	256006	0.256006	0.256006
chr3_85	1000000	1000000	331119	0.331119	0.331119
chr3_86	999999	999999	499157	0.499157	0.499157
chr3_87	1000000	1000000	323156	0.323156	0.323156
chr3_88	1000000	1000000	362310	0.36231	0.36231
chr3_89	1000000	1000000	410653	0.410653	0.410653
chr3_95	1000000	1000000	385113	0.385113	0.385113
chr3_96	1000000	1000000	247165	0.247165	0.247165
chr3_99	1000000	1000000	612157	0.612157	0.612157
chr3_100	1000000	1000000	454464	0.454464	0.454464
chr3_101	1000000	1000000	583273	0.583273	0.583273
chr3_103	1000000	1000000	365681	0.365681	0.365681
chr3_105	1000000	1000000	332804	0.332804	0.332804
chr3_106	1000003	1000003	576755	0.576753	0.576753
chr3_108	1000000	1000000	989557	0.989557	0.989557
chr3_110	1000000	1000000	434624	0.434624	0.434624
chr3_111	1000000	1000000	395210	0.39521	0.39521
chr3_113	1000000	1000000	599579	0.599579	0.599579
chr3_114	1000000	1000000	724105	0.724105	0.724105
chr3_119	1000000	1000000	526210	0.52621	0.52621
chr3_131	1000001	1000001	513141	0.513141	0.513141
chr3_132	1000000	1000000	607686	0.607686	0.607686
chr3_133	1000000	1000000	603646	0.603646	0.603646
chr3_141	1000000	1000000	671474	0.671474	0.671474
chr3_143	1000000	1000000	562663	0.562663	0.562663
chr3_145	1000000	1000000	654369	0.654369	0.654369
chr3_146	998945	998945	321299	0.321639	0.321639
chr3_147	1000000	1000000	388389	0.388389	0.388389
chr3_148	1000000	1000000	444104	0.444104	0.444104
chr3_149	1000000	1000000	469317	0.469317	0.469317
chr3_150	1000000	1000000	746970	0.74697	0.74697
chr3_151	1000000	1000000	764955	0.764955	0.764955
chr3_152	1000002	1000002	564271	0.56427	0.56427
chr3_153	1000000	1000000	636710	0.63671	0.63671
chr3_155	1000000	1000000	425853	0.425853	0.425853
chr3_160	999998	999998	912082	0.912084	0.912084
chr3_163	1000000	1000000	316556	0.316556	0.316556
chr3_164	1000000	1000000	228733	0.228733	0.228733
chr3_165	1000000	1000000	277154	0.277154	0.277154
chr3_168	1000000	1000000	521126	0.521126	0.521126
chr3_170	1000000	1000000	531359	0.531359	0.531359
chr3_173	1000000	1000000	600592	0.600592	0.600592
chr3_174	1000000	1000000	476405	0.476405	0.476405
chr3_176	999998	999998	382358	0.382359	0.382359
chr3_180	1000000	1000000	910314	0.910314	0.910314
chr3_181	1000000	1000000	539684	0.539684	0.539684
chr3_182	1000000	1000000	899229	0.899229	0.899229
chr3_183	1000000	1000000	664953	0.664953	0.664953
chr3_190	1000000	1000000	404423	0.404423	0.404423
chr3_191	1000000	1000000	482740	0.48274	0.48274
chr3_192	1000000	1000000	413393	0.413393	0.413393
chr4_11	1000000	1000000	743430	0.74343	0.74343
chr4_12	1000000	1000000	506290	0.50629	0.50629
chr4_13	1000000	1000000	416690	0.41669	0.41669
chr4_14	1000000	1000000	587193	0.587193	0.587193
chr4_15	1000000	1000000	613811	0.613811	0.613811
chr4_16	999999	999999	850750	0.850751	0.850751
chr4_18	1000000	1000000	833784	0.833784	0.833784
chr4_19	1000000	1000000	399878	0.399878	0.399878
chr4_20	1000000	1000000	340566	0.340566	0.340566
chr4_21	1000000	1000000	521594	0.521594	0.521594
chr4_23	1000000	1000000	481311	0.481311	0.481311
chr4_24	1000000	1000000	474410	0.47441	0.47441
chr4_27	1000000	1000000	863913	0.863913	0.863913
chr4_28	1000000	1000000	463471	0.463471	0.463471
chr4_29	1000000	1000000	443173	0.443173	0.443173
chr4_30	1000000	1000000	292999	0.292999	0.292999
chr4_31	1000000	1000000	364427	0.364427	0.364427
chr4_32	1000000	1000000	311101	0.311101	0.311101
chr4_33	1000000	1000000	274469	0.274469	0.274469
chr4_34	1000000	1000000	287213	0.287213	0.287213
chr4_35	1000000	1000000	243911	0.243911	0.243911
chr4_36	1000000	1000000	299383	0.299383	0.299383
chr4_37	1000000	1000000	711146	0.711146	0.711146
chr4_38	999999	999999	671974	0.671975	0.671975
chr4_40	1000000	1000000	820987	0.820987	0.820987
chr4_43	1000000	1000000	682626	0.682626	0.682626
chr4_44	1000000	1000000	336233	0.336233	0.336233
chr4_45	1000000	1000000	447835	0.447835	0.447835
chr4_46	1000000	1000000	316048	0.316048	0.316048
chr4_47	1000000	1000000	390724	0.390724	0.390724
chr4_48	1000000	1000000	600152	0.600152	0.600152
chr4_49	1000000	1000000	759146	0.759146	0.759146
chr4_53	1000001	1000001	643050	0.64305	0.64305
chr4_54	1000000	1000000	611455	0.611455	0.611455
chr4_55	1000000	1000000	628185	0.628185	0.628185
chr4_57	1000000	1000000	740168	0.740168	0.740168
chr4_58	1000000	1000000	553376	0.553376	0.553376
chr4_60	1000000	1000000	331870	0.33187	0.33187
chr4_61	1000000	1000000	294808	0.294808	0.294808
chr4_62	1000000	1000000	536387	0.536387	0.536387
chr4_63	1000000	1000000	344302	0.344302	0.344302
chr4_64	1000000	1000000	239078	0.239078	0.239078
chr4_65	1000000	1000000	268614	0.268614	0.268614
chr4_66	1000000	1000000	312715	0.312715	0.312715
chr4_67	1000000	1000000	308962	0.308962	0.308962
chr4_68	1000000	1000000	468266	0.468266	0.468266
chr4_69	1000000	1000000	128748	0.128748	0.128748
chr4_70	999999	999999	244721	0.244721	0.244721
chr4_71	1000000	1000000	512309	0.512309	0.512309
chr4_72	1000000	1000000	501493	0.501493	0.501493
chr4_73	1000000	1000000	401185	0.401185	0.401185
chr4_74	1000000	1000000	513616	0.513616	0.513616
chr4_75	1059493	1059493	422303	0.39859	0.39859
chr4_76	995943	995943	627866	0.630423	0.630423
chr4_77	1000000	1000000	878888	0.878888	0.878888
chr4_80	1000000	1000000	332892	0.332892	0.332892
chr4_81	1000000	1000000	375512	0.375512	0.375512
chr4_82	999999	999999	598498	0.598498	0.598498
chr4_83	1000000	1000000	1.07673e+06	1.07673	1.07673
chr4_84	1000000	1000000	567826	0.567826	0.567826
chr4_85	1000000	1000000	552901	0.552901	0.552901
chr4_86	1000000	1000000	481320	0.48132	0.48132
chr4_88	1000000	1000000	886035	0.886035	0.886035
chr4_89	999999	999999	763402	0.763403	0.763403
chr4_90	1000000	1000000	520299	0.520299	0.520299
chr4_91	1000000	1000000	346604	0.346604	0.346604
chr4_92	1000000	1000000	294256	0.294256	0.294256
chr4_93	1000000	1000000	385773	0.385773	0.385773
chr4_94	1000000	1000000	399790	0.39979	0.39979
chr4_95	1000000	1000000	427528	0.427528	0.427528
chr4_96	1000000	1000000	936402	0.936402	0.936402
chr4_97	1000000	1000000	343757	0.343757	0.343757
chr4_98	1000000	1000000	323686	0.323686	0.323686
chr4_99	1000000	1000000	913804	0.913804	0.913804
chr4_100	1000006	1000006	501375	0.501372	0.501372
chr4_101	1000000	1000000	463690	0.46369	0.46369
chr4_102	1000000	1000000	520840	0.52084	0.52084
chr4_103	1000000	1000000	659006	0.659006	0.659006
chr4_104	1000000	1000000	380023	0.380023	0.380023
chr4_105	1000000	1000000	427287	0.427287	0.427287
chr4_106	1000000	1000000	491292	0.491292	0.491292
chr4_107	1000000	1000000	347793	0.347793	0.347793
chr4_108	999999	999999	516193	0.516194	0.516194
chr4_109	1000000	1000000	542842	0.542842	0.542842
chr4_110	1000000	1000000	514956	0.514956	0.514956
chr4_111	1000000	1000000	503224	0.503224	0.503224
chr4_112	1000000	1000000	325238	0.325238	0.325238
chr4_113	1000000	1000000	708459	0.708459	0.708459
chr4_115	1000000	1000000	518986	0.518986	0.518986
chr4_116	1000000	1000000	263360	0.26336	0.26336
chr4_117	1000000	1000000	257206	0.257206	0.257206
chr4_118	999999	999999	371636	0.371637	0.371637
chr4_119	1000000	1000000	493410	0.49341	0.49341
chr4_121	1000000	1000000	370431	0.370431	0.370431
chr4_122	1000000	1000000	523231	0.523231	0.523231
chr4_123	1000000	1000000	526428	0.526428	0.526428
chr4_124	1000000	1000000	510981	0.510981	0.510981
chr4_125	1000000	1000000	350652	0.350652	0.350652
chr4_126	1000000	1000000	404558	0.404558	0.404558
chr4_127	1000000	1000000	302540	0.30254	0.30254
chr4_128	1000000	1000000	417562	0.417562	0.417562
chr4_129	1000000	1000000	639064	0.639064	0.639064
chr4_130	1000000	1000000	373190	0.37319	0.37319
chr4_131	1000000	1000000	275868	0.275868	0.275868
chr4_132	1000000	1000000	220561	0.220561	0.220561
chr4_133	1000000	1000000	315562	0.315562	0.315562
chr4_134	1000000	1000000	384553	0.384553	0.384553
chr4_135	1000000	1000000	283134	0.283134	0.283134
chr4_136	1000000	1000000	265318	0.265318	0.265318
chr4_137	999999	999999	291613	0.291613	0.291613
chr4_138	1000000	1000000	320306	0.320306	0.320306
chr4_139	1000000	1000000	582847	0.582847	0.582847
chr4_141	1000000	1000000	734866	0.734866	0.734866
chr4_142	999999	999999	408112	0.408113	0.408113
chr4_143	1000000	1000000	411577	0.411577	0.411577
chr4_144	1000000	1000000	700886	0.700886	0.700886
chr4_145	999999	999999	444622	0.444623	0.444623
chr4_146	1000000	1000000	730718	0.730718	0.730718
chr4_148	999999	999999	632384	0.632385	0.632385
chr4_149	1000001	1000001	575164	0.575163	0.575163
chr4_150	1000000	1000000	332361	0.332361	0.332361
chr4_151	1000000	1000000	555383	0.555383	0.555383
chr4_152	1000000	1000000	949832	0.949832	0.949832
chr4_155	1000000	1000000	464232	0.464232	0.464232
chr4_156	1000000	1000000	489431	0.489431	0.489431
chr4_157	1000000	1000000	472588	0.472588	0.472588
chr4_158	1000000	1000000	518726	0.518726	0.518726
chr4_159	1000000	1000000	880831	0.880831	0.880831
chr4_160	1000000	1000000	634852	0.634852	0.634852
chr4_161	1000000	1000000	278176	0.278176	0.278176
chr4_162	1000000	1000000	321776	0.321776	0.321776
chr4_164	1000000	1000000	525659	0.525659	0.525659
chr4_165	1000000	1000000	520347	0.520347	0.520347
chr4_166	1000000	1000000	603862	0.603862	0.603862
chr4_168	1000000	1000000	442773	0.442773	0.442773
chr4_169	1000000	1000000	482864	0.482864	0.482864
chr4_170	1000000	1000000	893450	0.89345	0.89345
chr4_171	1000000	1000000	451559	0.451559	0.451559
chr4_172	1000000	1000000	289581	0.289581	0.289581
chr4_173	1000000	1000000	383862	0.383862	0.383862
chr4_174	1000000	1000000	626228	0.626228	0.626228
chr4_175	1000000	1000000	374053	0.374053	0.374053
chr4_176	1000000	1000000	488874	0.488874	0.488874
chr4_177	1000003	1000003	507631	0.50763	0.50763
chr4_178	1000000	1000000	445453	0.445453	0.445453
chr4_179	1000000	1000000	310155	0.310155	0.310155
chr4_180	999999	999999	297392	0.297392	0.297392
chr4_181	1000000	1000000	426919	0.426919	0.426919
chr4_183	1000000	1000000	566975	0.566975	0.566975
chr4_187	1000000	1000000	621289	0.621289	0.621289
chr4_188	1000000	1000000	427604	0.427604	0.427604
chr4_189	1000000	1000000	431671	0.431671	0.431671
chr5_5	999999	999999	429199	0.429199	0.429199
chr5_8	1000000	1000000	817933	0.817933	0.817933
chr5_9	999999	999999	508511	0.508512	0.508512
chr5_13	1000000	1000000	306067	0.306067	0.306067
chr5_14	999997	999997	476515	0.476516	0.476516
chr5_16	1000000	1000000	678248	0.678248	0.678248
chr5_17	1000000	1000000	958288	0.958288	0.958288
chr5_19	1000000	1000000	362120	0.36212	0.36212
chr5_20	1000000	1000000	360594	0.360594	0.360594
chr5_21	1000000	1000000	272492	0.272492	0.272492
chr5_23	1000000	1000000	356291	0.356291	0.356291
chr5_24	1000000	1000000	308275	0.308275	0.308275
chr5_25	1000000	1000000	367813	0.367813	0.367813
chr5_27	999998	999998	301596	0.301596	0.301596
chr5_28	1000000	1000000	316587	0.316587	0.316587
chr5_29	1000000	1000000	285488	0.285488	0.285488
chr5_30	1000000	1000000	252981	0.252981	0.252981
chr5_31	1000000	1000000	295841	0.295841	0.295841
chr5_33	1000000	1000000	868536	0.868536	0.868536
chr5_34	999999	999999	486186	0.486186	0.486186
chr5_36	999997	999997	487442	0.487443	0.487443
chr5_37	1000000	1000000	859528	0.859528	0.859528
chr5_38	1000000	1000000	663106	0.663106	0.663106
chr5_40	1000000	1000000	521940	0.52194	0.52194
chr5_41	1000000	1000000	463632	0.463632	0.463632
chr5_42	1000000	1000000	456550	0.45655	0.45655
chr5_43	1000000	1000000	532401	0.532401	0.532401
chr5_44	1000000	1000000	747602	0.747602	0.747602
chr5_45	1000000	1000000	351027	0.351027	0.351027
chr5_52	1000000	1000000	272542	0.272542	0.272542
chr5_53	999996	999996	401310	0.401312	0.401312
chr5_54	1000000	1000000	514544	0.514544	0.514544
chr5_55	999998	999998	727944	0.727945	0.727945
chr5_56	1000000	1000000	792254	0.792254	0.792254
chr5_57	999999	999999	746710	0.746711	0.746711
chr5_58	1000000	1000000	723119	0.723119	0.723119
chr5_59	1000000	1000000	614123	0.614123	0.614123
chr5_63	1000000	1000000	633785	0.633785	0.633785
chr5_65	1000000	1000000	470356	0.470356	0.470356
chr5_66	1000001	1000001	752116	0.752116	0.752116
chr5_67	1000000	1000000	636199	0.636199	0.636199
chr5_76	1000000	1000000	580773	0.580773	0.580773
chr5_77	1000000	1000000	539089	0.539089	0.539089
chr5_82	1000000	1000000	906743	0.906743	0.906743
chr5_83	1000000	1000000	606944	0.606944	0.606944
chr5_84	1000000	1000000	533815	0.533815	0.533815
chr5_85	999999	999999	607507	0.607507	0.607507
chr5_87	999999	999999	323735	0.323735	0.323735
chr5_88	1000000	1000000	662291	0.662291	0.662291
chr5_89	1000000	1000000	1.00414e+06	1.00414	1.00414
chr5_90	1000000	1000000	528582	0.528582	0.528582
chr5_91	1000000	1000000	532775	0.532775	0.532775
chr5_92	1000000	1000000	552226	0.552226	0.552226
chr5_93	1039890	1039890	354457	0.34086	0.34086
chr5_96	1000000	1000000	816511	0.816511	0.816511
chr5_97	1000000	1000000	763759	0.763759	0.763759
chr5_98	1000000	1000000	489679	0.489679	0.489679
chr5_99	1000000	1000000	499034	0.499034	0.499034
chr5_100	1000000	1000000	267696	0.267696	0.267696
chr5_102	1000000	1000000	285657	0.285657	0.285657
chr5_103	1000000	1000000	397921	0.397921	0.397921
chr5_104	999997	999997	581489	0.581491	0.581491
chr5_105	1000000	1000000	287276	0.287276	0.287276
chr5_106	1000000	1000000	244644	0.244644	0.244644
chr5_109	1000000	1000000	537450	0.53745	0.53745
chr5_111	999998	999998	464234	0.464235	0.464235
chr5_113	1000000	1000000	764759	0.764759	0.764759
chr5_114	1000000	1000000	633747	0.633747	0.633747
chr5_116	1000000	1000000	702009	0.702009	0.702009
chr5_117	999999	999999	893792	0.893793	0.893793
chr5_118	999999	999999	469639	0.46964	0.46964
chr5_119	1000000	1000000	427730	0.42773	0.42773
chr5_121	1000000	1000000	337095	0.337095	0.337095
chr5_122	1000000	1000000	297793	0.297793	0.297793
chr5_123	1000000	1000000	543518	0.543518	0.543518
chr5_126	1000000	1000000	647726	0.647726	0.647726
chr5_127	999999	999999	789419	0.78942	0.78942
chr5_128	1000000	1000000	812262	0.812262	0.812262
chr5_129	1000001	1000001	482097	0.482096	0.482096
chr5_130	1000000	1000000	449434	0.449434	0.449434
chr5_131	1000000	1000000	412604	0.412604	0.412604
chr5_132	1000000	1000000	951599	0.951599	0.951599
chr5_145	999998	999998	466705	0.466706	0.466706
chr5_146	1000000	1000000	526031	0.526031	0.526031
chr5_149	1000000	1000000	545505	0.545505	0.545505
chr5_153	999999	999999	516022	0.516022	0.516022
chr5_156	1047450	1047450	487335	0.465259	0.465259
chr5_158	999997	999997	917214	0.917216	0.917216
chr5_159	1000000	1000000	488658	0.488658	0.488658
chr5_160	999999	999999	696476	0.696476	0.696476
chr5_163	1000000	1000000	393805	0.393805	0.393805
chr5_164	1000000	1000000	563434	0.563434	0.563434
chr5_165	1000000	1000000	322296	0.322296	0.322296
chr5_166	999999	999999	327891	0.327891	0.327891
chr5_167	1000000	1000000	374781	0.374781	0.374781
chr5_170	999999	999999	772148	0.772149	0.772149
chr6_8	1000000	1000000	759645	0.759645	0.759645
chr6_9	1000000	1000000	432718	0.432718	0.432718
chr6_10	1000000	1000000	348003	0.348003	0.348003
chr6_11	1000000	1000000	618019	0.618019	0.618019
chr6_19	1000000	1000000	607839	0.607839	0.607839
chr6_20	1000000	1000000	432939	0.432939	0.432939
chr6_21	1000000	1000000	623011	0.623011	0.623011
chr6_22	999998	999998	601081	0.601082	0.601082
chr6_23	1000000	1000000	486460	0.48646	0.48646
chr6_24	999999	999999	443682	0.443683	0.443683
chr6_30	1000000	1000000	4627.6	0.0046276	0.0046276
chr6_46	1000000	1000000	594239	0.594239	0.594239
chr6_47	1000000	1000000	828654	0.828654	0.828654
chr6_48	999999	999999	614828	0.614829	0.614829
chr6_49	999901	999901	342214	0.342248	0.342248
chr6_50	1000076	1000076	326517	0.326492	0.326492
chr6_51	1000000	1000000	313874	0.313874	0.313874
chr6_53	1000000	1000000	795817	0.795817	0.795817
chr6_54	1000000	1000000	1.08238e+06	1.08238	1.08238
chr6_56	1000000	1000000	309667	0.309667	0.309667
chr6_63	1000000	1000000	322957	0.322957	0.322957
chr6_64	999988	999988	478045	0.478051	0.478051
chr6_65	1000000	1000000	324493	0.324493	0.324493
chr6_66	1000000	1000000	311278	0.311278	0.311278
chr6_67	1000000	1000000	304334	0.304334	0.304334
chr6_68	999999	999999	270403	0.270403	0.270403
chr6_69	1000000	1000000	552682	0.552682	0.552682
chr6_70	1000000	1000000	494976	0.494976	0.494976
chr6_71	999811	999811	552018	0.552122	0.552122
chr6_72	1000000	1000000	544356	0.544356	0.544356
chr6_73	1000020	1000020	517233	0.517222	0.517222
chr6_74	999993	999993	736608	0.736613	0.736613
chr6_75	1000000	1000000	306768	0.306768	0.306768
chr6_76	1000001	1000001	674344	0.674343	0.674343
chr6_77	1000000	1000000	305890	0.30589	0.30589
chr6_78	1000000	1000000	306775	0.306775	0.306775
chr6_79	1000000	1000000	350836	0.350836	0.350836
chr6_80	1000000	1000000	656051	0.656051	0.656051
chr6_81	1000000	1000000	370003	0.370003	0.370003
chr6_82	1000000	1000000	346583	0.346583	0.346583
chr6_83	1000002	1000002	511743	0.511742	0.511742
chr6_84	1000000	1000000	580119	0.580119	0.580119
chr6_85	999999	999999	433304	0.433305	0.433305
chr6_86	1000000	1000000	513156	0.513156	0.513156
chr6_87	1000000	1000000	391793	0.391793	0.391793
chr6_88	1000000	1000000	650348	0.650348	0.650348
chr6_89	1000001	1000001	506750	0.506749	0.506749
chr6_90	1000000	1000000	882427	0.882427	0.882427
chr6_92	1000000	1000000	356268	0.356268	0.356268
chr6_93	1000000	1000000	285635	0.285635	0.285635
chr6_94	1000000	1000000	319854	0.319854	0.319854
chr6_95	970825	970825	329348	0.339245	0.339245
chr6_97	1000000	1000000	672078	0.672078	0.672078
chr6_98	1000000	1000000	594015	0.594015	0.594015
chr6_99	1000000	1000000	643856	0.643856	0.643856
chr6_100	1000000	1000000	565147	0.565147	0.565147
chr6_101	1000000	1000000	386172	0.386172	0.386172
chr6_102	999999	999999	378774	0.378775	0.378775
chr6_103	1000000	1000000	242715	0.242715	0.242715
chr6_105	1000000	1000000	482855	0.482855	0.482855
chr6_106	1000000	1000000	693444	0.693444	0.693444
chr6_113	999999	999999	556374	0.556374	0.556374
chr6_114	999962	999962	606507	0.606531	0.606531
chr6_115	1000000	1000000	578681	0.578681	0.578681
chr6_117	1000000	1000000	654781	0.654781	0.654781
chr6_118	1000000	1000000	508768	0.508768	0.508768
chr6_119	1000002	1000002	771299	0.771298	0.771298
chr6_120	999981	999981	541512	0.541522	0.541522
chr6_121	1000000	1000000	276063	0.276063	0.276063
chr6_122	1000000	1000000	423656	0.423656	0.423656
chr6_123	999999	999999	497474	0.497474	0.497474
chr6_124	1000000	1000000	470264	0.470264	0.470264
chr6_125	1000001	1000001	533764	0.533764	0.533764
chr6_127	999999	999999	357288	0.357289	0.357289
chr6_128	1000000	1000000	542106	0.542106	0.542106
chr6_129	1000000	1000000	664118	0.664118	0.664118
chr6_130	1000000	1000000	620048	0.620048	0.620048
chr6_131	999995	999995	619795	0.619798	0.619798
chr6_132	1000000	1000000	720516	0.720516	0.720516
chr6_133	999999	999999	610277	0.610278	0.610278
chr6_134	999999	999999	528019	0.528019	0.528019
chr6_136	1000000	1000000	557163	0.557163	0.557163
chr6_138	1000000	1000000	638432	0.638432	0.638432
chr6_139	1000000	1000000	856323	0.856323	0.856323
chr6_140	1000000	1000000	673181	0.673181	0.673181
chr6_141	1000000	1000000	355357	0.355357	0.355357
chr6_142	1000000	1000000	314927	0.314927	0.314927
chr6_143	1000000	1000000	687376	0.687376	0.687376
chr6_145	999999	999999	575718	0.575719	0.575719
chr6_146	1000000	1000000	513083	0.513083	0.513083
chr6_147	1000000	1000000	500447	0.500447	0.500447
chr6_148	1000000	1000000	539005	0.539005	0.539005
chr6_152	999999	999999	684519	0.68452	0.68452
chr6_153	1000000	1000000	617194	0.617194	0.617194
chr6_154	1000000	1000000	364187	0.364187	0.364187
chr6_155	999999	999999	831980	0.831981	0.831981
chr6_156	1000000	1000000	596523	0.596523	0.596523
chr7_8	1000000	1000000	677571	0.677571	0.677571
chr7_9	999999	999999	565873	0.565874	0.565874
chr7_10	999997	999997	302660	0.302661	0.302661
chr7_11	1000000	1000000	427360	0.42736	0.42736
chr7_12	999999	999999	412750	0.41275	0.41275
chr7_13	999999	999999	449424	0.449425	0.449425
chr7_14	1000000	1000000	397540	0.39754	0.39754
chr7_15	1000000	1000000	407435	0.407435	0.407435
chr7_16	1000000	1000000	408588	0.408588	0.408588
chr7_17	999999	999999	565317	0.565318	0.565318
chr7_18	999999	999999	526205	0.526205	0.526205
chr7_20	1000000	1000000	347853	0.347853	0.347853
chr7_21	999996	999996	479427	0.479429	0.479429
chr7_22	999999	999999	517266	0.517267	0.517267
chr7_23	1000001	1000001	1.08331e+06	1.08331	1.08331
chr7_24	1000000	1000000	629190	0.62919	0.62919
chr7_25	1000000	1000000	693810	0.69381	0.69381
chr7_27	999999	999999	656599	0.6566	0.6566
chr7_28	1000000	1000000	632098	0.632098	0.632098
chr7_34	1000000	1000000	614081	0.614081	0.614081
chr7_35	1000000	1000000	635692	0.635692	0.635692
chr7_36	999998	999998	770167	0.770169	0.770169
chr7_38	999997	999997	1.10468e+06	1.10468	1.10468
chr7_39	999998	999998	605007	0.605009	0.605009
chr7_40	999999	999999	652469	0.65247	0.65247
chr7_41	999999	999999	494931	0.494932	0.494932
chr7_42	1000001	1000001	517620	0.51762	0.51762
chr7_43	1000000	1000000	578151	0.578151	0.578151
chr7_47	999999	999999	424503	0.424503	0.424503
chr7_49	999999	999999	466193	0.466194	0.466194
chr7_50	1000000	1000000	402954	0.402954	0.402954
chr7_51	1028101	1028101	703233	0.684011	0.684011
chr7_52	999999	999999	1.06072e+06	1.06072	1.06072
chr7_53	999997	999997	404240	0.404242	0.404242
chr7_54	1000000	1000000	361298	0.361298	0.361298
chr7_55	1000000	1000000	452697	0.452697	0.452697
chr7_56	1000000	1000000	915151	0.915151	0.915151
chr7_64	1000000	1000000	185392	0.185392	0.185392
chr7_65	1000000	1000000	549113	0.549113	0.549113
chr7_68	1000000	1000000	567738	0.567738	0.567738
chr7_69	1000000	1000000	588191	0.588191	0.588191
chr7_73	1005538	1005538	665931	0.662264	0.662264
chr7_78	1000000	1000000	652719	0.652719	0.652719
chr7_80	1000000	1000000	548345	0.548345	0.548345
chr7_81	1000000	1000000	648101	0.648101	0.648101
chr7_82	1000000	1000000	357170	0.35717	0.35717
chr7_83	1000000	1000000	551768	0.551768	0.551768
chr7_84	1000000	1000000	385480	0.38548	0.38548
chr7_85	1000000	1000000	320842	0.320842	0.320842
chr7_86	1000000	1000000	316357	0.316357	0.316357
chr7_87	1000000	1000000	654765	0.654765	0.654765
chr7_88	999999	999999	569237	0.569238	0.569238
chr7_89	999999	999999	464420	0.46442	0.46442
chr7_90	1000000	1000000	339117	0.339117	0.339117
chr7_91	1000001	1000001	511916	0.511916	0.511916
chr7_92	999999	999999	558034	0.558034	0.558034
chr7_93	1000000	1000000	905114	0.905114	0.905114
chr7_94	999998	999998	372182	0.372183	0.372183
chr7_95	1000000	1000000	507076	0.507076	0.507076
chr7_96	1000000	1000000	772167	0.772167	0.772167
chr7_97	1000000	1000000	608793	0.608793	0.608793
chr7_98	1000000	1000000	466482	0.466482	0.466482
chr7_104	1000000	1000000	611304	0.611304	0.611304
chr7_105	1000000	1000000	666201	0.666201	0.666201
chr7_107	999999	999999	683475	0.683476	0.683476
chr7_108	1000000	1000000	813589	0.813589	0.813589
chr7_109	999612	999612	665530	0.665788	0.665788
chr7_110	1000000	1000000	305846	0.305846	0.305846
chr7_111	999999	999999	368752	0.368752	0.368752
chr7_112	999999	999999	617686	0.617687	0.617687
chr7_113	1000000	1000000	850569	0.850569	0.850569
chr7_114	1000000	1000000	362707	0.362707	0.362707
chr7_115	999999	999999	354937	0.354937	0.354937
chr7_116	1000000	1000000	319051	0.319051	0.319051
chr7_117	1000000	1000000	611071	0.611071	0.611071
chr7_119	1000000	1000000	352743	0.352743	0.352743
chr7_120	1000000	1000000	258890	0.25889	0.25889
chr7_121	1000000	1000000	449054	0.449054	0.449054
chr7_122	1000000	1000000	470366	0.470366	0.470366
chr7_123	1000000	1000000	460522	0.460522	0.460522
chr7_124	1000000	1000000	448955	0.448955	0.448955
chr7_125	1000000	1000000	703510	0.70351	0.70351
chr7_126	1000000	1000000	306227	0.306227	0.306227
chr7_127	1000000	1000000	352029	0.352029	0.352029
chr7_136	999997	999997	788200	0.788202	0.788202
chr7_137	999999	999999	386167	0.386167	0.386167
chr7_138	999999	999999	885003	0.885003	0.885003
chr7_139	1000000	1000000	625027	0.625027	0.625027
chr7_148	1000000	1000000	581776	0.581776	0.581776
chr7_149	1000000	1000000	790881	0.790881	0.790881
chr7_154	1000000	1000000	405667	0.405667	0.405667
chr8_6	1000000	1000000	429987	0.429987	0.429987
chr8_14	1000000	1000000	632905	0.632905	0.632905
chr8_15	1000000	1000000	307495	0.307495	0.307495
chr8_16	1000000	1000000	402887	0.402887	0.402887
chr8_17	1000000	1000000	376100	0.3761	0.3761
chr8_25	1000002	1000002	430252	0.430251	0.430251
chr8_26	1000001	1000001	779387	0.779386	0.779386
chr8_31	1000000	1000000	760540	0.76054	0.76054
chr8_32	1000000	1000000	403013	0.403013	0.403013
chr8_33	1000002	1000002	409093	0.409093	0.409093
chr8_34	1000000	1000000	600296	0.600296	0.600296
chr8_35	1000000	1000000	363320	0.36332	0.36332
chr8_36	1000000	1000000	542881	0.542881	0.542881
chr8_37	1000000	1000000	403900	0.4039	0.4039
chr8_40	1000000	1000000	314243	0.314243	0.314243
chr8_41	1000000	1000000	688508	0.688508	0.688508
chr8_48	1000937	1000937	711546	0.71088	0.71088
chr8_49	999999	999999	637268	0.637269	0.637269
chr8_50	1000001	1000001	374893	0.374893	0.374893
chr8_51	1000000	1000000	366116	0.366116	0.366116
chr8_52	1000000	1000000	458990	0.45899	0.45899
chr8_53	1000000	1000000	744010	0.74401	0.74401
chr8_54	1000000	1000000	562972	0.562972	0.562972
chr8_55	1000000	1000000	521637	0.521637	0.521637
chr8_56	999999	999999	649291	0.649292	0.649292
chr8_57	1000000	1000000	481972	0.481972	0.481972
chr8_59	1000000	1000000	710446	0.710446	0.710446
chr8_61	1000000	1000000	915816	0.915816	0.915816
chr8_62	1000000	1000000	618256	0.618256	0.618256
chr8_63	1000000	1000000	438836	0.438836	0.438836
chr8_64	999998	999998	537880	0.537881	0.537881
chr8_65	999678	999678	501859	0.50202	0.50202
chr8_66	1000000	1000000	605514	0.605514	0.605514
chr8_67	1000000	1000000	1.01944e+06	1.01944	1.01944
chr8_69	1000000	1000000	470652	0.470652	0.470652
chr8_71	1000000	1000000	559051	0.559051	0.559051
chr8_73	1000000	1000000	472686	0.472686	0.472686
chr8_74	1000000	1000000	636737	0.636737	0.636737
chr8_75	1000000	1000000	520908	0.520908	0.520908
chr8_77	1000001	1000001	523568	0.523568	0.523568
chr8_78	999999	999999	269596	0.269597	0.269597
chr8_79	1000000	1000000	353316	0.353316	0.353316
chr8_80	1000000	1000000	548504	0.548504	0.548504
chr8_81	1000000	1000000	969071	0.969071	0.969071
chr8_83	1000000	1000000	292068	0.292068	0.292068
chr8_84	1000000	1000000	268002	0.268002	0.268002
chr8_85	1000000	1000000	372722	0.372722	0.372722
chr8_87	999999	999999	550433	0.550434	0.550434
chr8_88	1000000	1000000	371898	0.371898	0.371898
chr8_90	999999	999999	470433	0.470433	0.470433
chr8_91	1000000	1000000	671552	0.671552	0.671552
chr8_92	1000000	1000000	414106	0.414106	0.414106
chr8_93	1000000	1000000	540947	0.540947	0.540947
chr8_94	1000000	1000000	619280	0.61928	0.61928
chr8_95	1000000	1000000	652714	0.652714	0.652714
chr8_96	1000000	1000000	559074	0.559074	0.559074
chr8_98	1000000	1000000	912603	0.912603	0.912603
chr8_99	1000000	1000000	706159	0.706159	0.706159
chr8_104	1000000	1000000	641956	0.641956	0.641956
chr8_105	1000000	1000000	610604	0.610604	0.610604
chr8_107	1000000	1000000	575315	0.575315	0.575315
chr8_108	1000000	1000000	475891	0.475891	0.475891
chr8_109	1000001	1000001	575225	0.575225	0.575225
chr8_110	1000000	1000000	524960	0.52496	0.52496
chr8_111	1000000	1000000	347908	0.347908	0.347908
chr8_112	1000000	1000000	318819	0.318819	0.318819
chr8_113	1000000	1000000	329624	0.329624	0.329624
chr8_114	1000000	1000000	315032	0.315032	0.315032
chr8_115	1000000	1000000	251688	0.251688	0.251688
chr8_116	999996	999996	502941	0.502943	0.502943
chr8_117	1000014	1000014	586120	0.586112	0.586112
chr8_120	1000000	1000000	939951	0.939951	0.939951
chr8_121	1000001	1000001	512872	0.512872	0.512872
chr8_122	999999	999999	457513	0.457513	0.457513
chr8_123	1000001	1000001	844926	0.844925	0.844925
chr8_127	1000001	1000001	591223	0.591222	0.591222
chr8_129	1000000	1000000	487487	0.487487	0.487487
chr8_130	1000000	1000000	639279	0.639279	0.639279
chr8_132	1000001	1000001	462521	0.462521	0.462521
chr8_137	1000000	1000000	469278	0.469278	0.469278
chr8_138	1000000	1000000	418407	0.418407	0.418407
chr9_2	1000000	1000000	500693	0.500693	0.500693
chr9_3	1000000	1000000	831827	0.831827	0.831827
chr9_4	1000000	1000000	565788	0.565788	0.565788
chr9_6	1000000	1000000	596382	0.596382	0.596382
chr9_7	1000000	1000000	854567	0.854567	0.854567
chr9_8	1000000	1000000	703405	0.703405	0.703405
chr9_9	1000000	1000000	978533	0.978533	0.978533
chr9_10	1000000	1000000	428761	0.428761	0.428761
chr9_11	1000000	1000000	363520	0.36352	0.36352
chr9_12	1000000	1000000	295758	0.295758	0.295758
chr9_13	999999	999999	444094	0.444094	0.444094
chr9_14	1000000	1000000	623779	0.623779	0.623779
chr9_16	1000000	1000000	505228	0.505228	0.505228
chr9_18	1000000	1000000	440448	0.440448	0.440448
chr9_19	1000000	1000000	498650	0.49865	0.49865
chr9_20	1000000	1000000	1.20145e+06	1.20145	1.20145
chr9_21	1000001	1000001	608355	0.608355	0.608355
chr9_22	1000000	1000000	493899	0.493899	0.493899
chr9_23	1000000	1000000	319514	0.319514	0.319514
chr9_24	999999	999999	475186	0.475187	0.475187
chr9_25	1000000	1000000	278846	0.278846	0.278846
chr9_26	1000000	1000000	318676	0.318676	0.318676
chr9_27	1000000	1000000	447464	0.447464	0.447464
chr9_28	1000000	1000000	966648	0.966648	0.966648
chr9_29	1000000	1000000	427400	0.4274	0.4274
chr9_30	1000000	1000000	308730	0.30873	0.30873
chr9_31	1000000	1000000	286795	0.286795	0.286795
chr9_32	1000000	1000000	307320	0.30732	0.30732
chr9_33	1000000	1000000	535798	0.535798	0.535798
chr9_70	1000000	1000000	859337	0.859337	0.859337
chr9_72	1000000	1000000	629487	0.629487	0.629487
chr9_73	1000000	1000000	715249	0.715249	0.715249
chr9_74	1000000	1000000	373649	0.373649	0.373649
chr9_75	1000000	1000000	525710	0.52571	0.52571
chr9_76	1000000	1000000	611130	0.61113	0.61113
chr9_78	1000000	1000000	824593	0.824593	0.824593
chr9_79	1000000	1000000	677984	0.677984	0.677984
chr9_80	999999	999999	581952	0.581952	0.581952
chr9_81	1000000	1000000	367586	0.367586	0.367586
chr9_82	1000000	1000000	540281	0.540281	0.540281
chr9_83	1000000	1000000	441388	0.441388	0.441388
chr9_91	1000000	1000000	574863	0.574863	0.574863
chr9_100	1000000	1000000	731807	0.731807	0.731807
chr9_101	1000000	1000000	709486	0.709486	0.709486
chr9_102	1000000	1000000	780428	0.780428	0.780428
chr9_103	1000000	1000000	273140	0.27314	0.27314
chr9_104	999999	999999	304605	0.304605	0.304605
chr9_105	1000000	1000000	548516	0.548516	0.548516
chr9_106	1000000	1000000	959755	0.959755	0.959755
chr9_107	1000000	1000000	651566	0.651566	0.651566
chr9_111	1000000	1000000	824347	0.824347	0.824347
chr9_112	1000000	1000000	746144	0.746144	0.746144
chr9_116	999999	999999	487868	0.487869	0.487869
chr9_119	1000000	1000000	436876	0.436876	0.436876
chr10_3	999998	999998	451182	0.451183	0.451183
chr10_5	1000000	1000000	565744	0.565744	0.565744
chr10_9	1000000	1000000	419195	0.419195	0.419195
chr10_10	1000000	1000000	383944	0.383944	0.383944
chr10_17	1000000	1000000	528861	0.528861	0.528861
chr10_18	1246930	1246930	453401	0.363614	0.363614
chr10_19	1000000	1000000	599888	0.599888	0.599888
chr10_20	1000000	1000000	456428	0.456428	0.456428
chr10_21	1000000	1000000	571766	0.571766	0.571766
chr10_22	1000000	1000000	769970	0.76997	0.76997
chr10_23	1000000	1000000	1.22351e+06	1.22351	1.22351
chr10_24	1000000	1000000	661861	0.661861	0.661861
chr10_26	1000000	1000000	550580	0.55058	0.55058
chr10_27	1000000	1000000	602767	0.602767	0.602767
chr10_28	1000000	1000000	537074	0.537074	0.537074
chr10_29	1000000	1000000	706393	0.706393	0.706393
chr10_30	1000000	1000000	696129	0.696129	0.696129
chr10_31	1000000	1000000	802936	0.802936	0.802936
chr10_32	999999	999999	760381	0.760382	0.760382
chr10_33	1000000	1000000	571364	0.571364	0.571364
chr10_34	1000000	1000000	604356	0.604356	0.604356
chr10_35	1000000	1000000	584204	0.584204	0.584204
chr10_37	1000000	1000000	417160	0.41716	0.41716
chr10_38	1000000	1000000	415348	0.415348	0.415348
chr10_45	1000000	1000000	786387	0.786387	0.786387
chr10_50	1551715	1551715	708071	0.456315	0.456315
chr10_51	1000000	1000000	694976	0.694976	0.694976
chr10_52	1000000	1000000	503920	0.50392	0.50392
chr10_53	1000000	1000000	391059	0.391059	0.391059
chr10_54	1000000	1000000	317035	0.317035	0.317035
chr10_55	1000000	1000000	290815	0.290815	0.290815
chr10_56	1000000	1000000	278968	0.278968	0.278968
chr10_57	1000000	1000000	244248	0.244248	0.244248
chr10_58	1000000	1000000	315591	0.315591	0.315591
chr10_59	1000000	1000000	734735	0.734735	0.734735
chr10_60	999998	999998	1.11867e+06	1.11867	1.11867
chr10_62	1000001	1000001	654686	0.654685	0.654685
chr10_63	1000001	1000001	840554	0.840553	0.840553
chr10_64	1000000	1000000	846245	0.846245	0.846245
chr10_65	999998	999998	569737	0.569739	0.569739
chr10_66	1000000	1000000	314280	0.31428	0.31428
chr10_67	1000000	1000000	466855	0.466855	0.466855
chr10_68	999999	999999	611625	0.611625	0.611625
chr10_69	999999	999999	854312	0.854313	0.854313
chr10_81	1000000	1000000	857718	0.857718	0.857718
chr10_82	1000000	1000000	348623	0.348623	0.348623
chr10_84	1000000	1000000	474860	0.47486	0.47486
chr10_86	1000001	1000001	679393	0.679393	0.679393
chr10_88	1000000	1000000	488635	0.488635	0.488635
chr10_89	1000000	1000000	585473	0.585473	0.585473
chr10_90	1000000	1000000	964785	0.964785	0.964785
chr10_91	1000000	1000000	441341	0.441341	0.441341
chr10_93	1000000	1000000	734646	0.734646	0.734646
chr10_95	1000000	1000000	586215	0.586215	0.586215
chr10_96	1000000	1000000	910322	0.910322	0.910322
chr10_106	1000000	1000000	459191	0.459191	0.459191
chr10_107	1000000	1000000	558250	0.55825	0.55825
chr10_108	1000000	1000000	430670	0.43067	0.43067
chr10_109	1000000	1000000	350337	0.350337	0.350337
chr10_110	1000000	1000000	508744	0.508744	0.508744
chr10_112	1000000	1000000	514386	0.514386	0.514386
chr10_116	999752	999752	448803	0.448914	0.448914
chr11_5	1000000	1000000	424739	0.424739	0.424739
chr11_6	1000000	1000000	388756	0.388756	0.388756
chr11_7	1000001	1000001	978605	0.978605	0.978605
chr11_8	1000316	1000316	888932	0.888651	0.888651
chr11_15	999999	999999	614650	0.61465	0.61465
chr11_17	1000001	1000001	572721	0.57272	0.57272
chr11_19	1000000	1000000	702650	0.70265	0.70265
chr11_21	1000000	1000000	703921	0.703921	0.703921
chr11_22	1000000	1000000	457042	0.457042	0.457042
chr11_23	1000000	1000000	439583	0.439583	0.439583
chr11_24	1000000	1000000	296834	0.296834	0.296834
chr11_25	1000000	1000000	325999	0.325999	0.325999
chr11_26	1000001	1000001	275454	0.275454	0.275454
chr11_27	1000000	1000000	414244	0.414244	0.414244
chr11_28	1000000	1000000	573083	0.573083	0.573083
chr11_30	1000000	1000000	357143	0.357143	0.357143
chr11_31	1000000	1000000	539129	0.539129	0.539129
chr11_32	999999	999999	422097	0.422097	0.422097
chr11_33	1000000	1000000	523874	0.523874	0.523874
chr11_38	1000000	1000000	306502	0.306502	0.306502
chr11_39	1000000	1000000	269620	0.26962	0.26962
chr11_40	1000000	1000000	346334	0.346334	0.346334
chr11_41	1000000	1000000	587065	0.587065	0.587065
chr11_42	1000000	1000000	422856	0.422856	0.422856
chr11_43	1000000	1000000	436344	0.436344	0.436344
chr11_44	1000000	1000000	632637	0.632637	0.632637
chr11_49	1000000	1000000	585679	0.585679	0.585679
chr11_50	999986	999986	348663	0.348668	0.348668
chr11_56	1000000	1000000	241423	0.241423	0.241423
chr11_57	999999	999999	271282	0.271282	0.271282
chr11_59	1000001	1000001	519715	0.519714	0.519714
chr11_60	1000000	1000000	679254	0.679254	0.679254
chr11_61	999999	999999	604423	0.604424	0.604424
chr11_81	1000000	1000000	413793	0.413793	0.413793
chr11_82	999999	999999	360236	0.360237	0.360237
chr11_83	1000000	1000000	671452	0.671452	0.671452
chr11_86	999999	999999	632897	0.632897	0.632897
chr11_88	977319	977319	498847	0.510424	0.510424
chr11_89	994790	994790	457600	0.459996	0.459996
chr11_90	1000000	1000000	306574	0.306574	0.306574
chr11_91	1000000	1000000	309810	0.30981	0.30981
chr11_92	999998	999998	350670	0.350671	0.350671
chr11_96	1000000	1000000	952002	0.952002	0.952002
chr11_97	1137836	1137836	612960	0.538707	0.538707
chr11_98	999728	999728	327579	0.327668	0.327668
chr11_99	1000002	1000002	297545	0.297544	0.297544
chr11_100	1000002	1000002	345314	0.345314	0.345314
chr11_101	999999	999999	474265	0.474266	0.474266
chr11_102	1000000	1000000	382929	0.382929	0.382929
chr11_103	999998	999998	666720	0.666721	0.666721
chr11_105	999999	999999	414678	0.414678	0.414678
chr11_106	1000000	1000000	527717	0.527717	0.527717
chr11_107	999999	999999	569418	0.569419	0.569419
chr11_108	1000000	1000000	547384	0.547384	0.547384
chr11_109	1000001	1000001	708517	0.708516	0.708516
chr11_110	999999	999999	492011	0.492012	0.492012
chr11_111	999998	999998	732451	0.732453	0.732453
chr11_125	999189	999189	852831	0.853524	0.853524
chr11_128	999999	999999	513037	0.513038	0.513038
chr12_8	1044504	1044504	634769	0.607722	0.607722
chr12_9	1000000	1000000	653532	0.653532	0.653532
chr12_10	1000003	1000003	432426	0.432425	0.432425
chr12_11	1000000	1000000	597980	0.59798	0.59798
chr12_12	1000335	1000335	849864	0.84958	0.84958
chr12_15	1000000	1000000	673654	0.673654	0.673654
chr12_16	1000000	1000000	607745	0.607745	0.607745
chr12_17	1000000	1000000	432129	0.432129	0.432129
chr12_18	1000000	1000000	287080	0.28708	0.28708
chr12_19	1000000	1000000	342389	0.342389	0.342389
chr12_20	1000000	1000000	633599	0.633599	0.633599
chr12_22	1000000	1000000	508832	0.508832	0.508832
chr12_23	1000000	1000000	597083	0.597083	0.597083
chr12_24	1000000	1000000	416148	0.416148	0.416148
chr12_25	1000000	1000000	573775	0.573775	0.573775
chr12_26	999999	999999	571198	0.571199	0.571199
chr12_28	1000000	1000000	839415	0.839415	0.839415
chr12_29	1000000	1000000	425442	0.425442	0.425442
chr12_31	1000002	1000002	562455	0.562454	0.562454
chr12_32	999999	999999	688334	0.688335	0.688335
chr12_33	1000000	1000000	835398	0.835398	0.835398
chr12_34	1000001	1000001	302064	0.302064	0.302064
chr12_39	1000000	1000000	381976	0.381976	0.381976
chr12_40	1000000	1000000	509841	0.509841	0.509841
chr12_41	1000000	1000000	505299	0.505299	0.505299
chr12_43	1000001	1000001	598828	0.598828	0.598828
chr12_44	1000000	1000000	404371	0.404371	0.404371
chr12_45	999980	999980	503336	0.503346	0.503346
chr12_46	1000000	1000000	595821	0.595821	0.595821
chr12_47	1000000	1000000	563314	0.563314	0.563314
chr12_48	1000000	1000000	968089	0.968089	0.968089
chr12_56	1000000	1000000	671640	0.67164	0.67164
chr12_59	999998	999998	473897	0.473898	0.473898
chr12_60	1000000	1000000	458594	0.458594	0.458594
chr12_61	1000000	1000000	274045	0.274045	0.274045
chr12_63	999999	999999	943862	0.943863	0.943863
chr12_64	1000000	1000000	456940	0.45694	0.45694
chr12_65	1000000	1000000	797638	0.797638	0.797638
chr12_66	1000000	1000000	461218	0.461218	0.461218
chr12_68	1000000	1000000	625037	0.625037	0.625037
chr12_69	1000000	1000000	708557	0.708557	0.708557
chr12_70	1000000	1000000	756201	0.756201	0.756201
chr12_71	1000000	1000000	750979	0.750979	0.750979
chr12_72	1000000	1000000	609246	0.609246	0.609246
chr12_73	1000000	1000000	418870	0.41887	0.41887
chr12_74	1000000	1000000	272527	0.272527	0.272527
chr12_75	1000000	1000000	390252	0.390252	0.390252
chr12_76	1000000	1000000	608383	0.608383	0.608383
chr12_77	1000000	1000000	739073	0.739073	0.739073
chr12_78	1000000	1000000	550434	0.550434	0.550434
chr12_79	1000000	1000000	492226	0.492226	0.492226
chr12_80	1000000	1000000	599873	0.599873	0.599873
chr12_81	999999	999999	437287	0.437288	0.437288
chr12_82	1000000	1000000	501720	0.50172	0.50172
chr12_83	1000000	1000000	766192	0.766192	0.766192
chr12_84	1000000	1000000	407807	0.407807	0.407807
chr12_85	1000000	1000000	277429	0.277429	0.277429
chr12_86	999999	999999	266771	0.266771	0.266771
chr12_87	999999	999999	313364	0.313364	0.313364
chr12_88	1000000	1000000	301109	0.301109	0.301109
chr12_89	1000000	1000000	423171	0.423171	0.423171
chr12_91	1000000	1000000	453763	0.453763	0.453763
chr12_92	999999	999999	424116	0.424116	0.424116
chr12_93	1000000	1000000	673091	0.673091	0.673091
chr12_94	1000000	1000000	884673	0.884673	0.884673
chr12_95	1000000	1000000	864558	0.864558	0.864558
chr12_96	1000002	1000002	725586	0.725585	0.725585
chr12_97	1000000	1000000	715879	0.715879	0.715879
chr12_98	1000000	1000000	466044	0.466044	0.466044
chr12_99	1000000	1000000	926360	0.92636	0.92636
chr12_100	1000000	1000000	586551	0.586551	0.586551
chr12_101	1000000	1000000	657735	0.657735	0.657735
chr12_103	1000000	1000000	510903	0.510903	0.510903
chr12_104	1000000	1000000	591739	0.591739	0.591739
chr13_20	1000000	1000000	534436	0.534436	0.534436
chr13_22	1000000	1000000	695097	0.695097	0.695097
chr13_23	1000000	1000000	418591	0.418591	0.418591
chr13_24	1000000	1000000	702868	0.702868	0.702868
chr13_25	999999	999999	904266	0.904267	0.904267
chr13_29	1000000	1000000	658896	0.658896	0.658896
chr13_30	1000000	1000000	757764	0.757764	0.757764
chr13_32	1000000	1000000	649934	0.649934	0.649934
chr13_33	1000001	1000001	722610	0.722609	0.722609
chr13_34	999999	999999	932351	0.932352	0.932352
chr13_35	1000000	1000000	583726	0.583726	0.583726
chr13_36	1000000	1000000	641521	0.641521	0.641521
chr13_37	1000000	1000000	663843	0.663843	0.663843
chr13_38	1000000	1000000	413019	0.413019	0.413019
chr13_39	1000000	1000000	442908	0.442908	0.442908
chr13_40	1000000	1000000	729749	0.729749	0.729749
chr13_41	999999	999999	1.0184e+06	1.0184	1.0184
chr13_42	1000000	1000000	839300	0.8393	0.8393
chr13_43	1000000	1000000	509662	0.509662	0.509662
chr13_47	1000000	1000000	733361	0.733361	0.733361
chr13_48	1000000	1000000	509729	0.509729	0.509729
chr13_49	1000001	1000001	794162	0.794162	0.794162
chr13_50	1000000	1000000	773379	0.773379	0.773379
chr13_51	1000000	1000000	809805	0.809805	0.809805
chr13_53	999999	999999	716756	0.716756	0.716756
chr13_54	1000000	1000000	525837	0.525837	0.525837
chr13_55	1000000	1000000	301957	0.301957	0.301957
chr13_56	999999	999999	249060	0.24906	0.24906
chr13_57	1000000	1000000	242025	0.242025	0.242025
chr13_59	1000000	1000000	283811	0.283811	0.283811
chr13_60	1000000	1000000	435291	0.435291	0.435291
chr13_61	1000000	1000000	405940	0.40594	0.40594
chr13_62	999999	999999	358376	0.358376	0.358376
chr13_63	1000000	1000000	274859	0.274859	0.274859
chr13_64	1000000	1000000	234857	0.234857	0.234857
chr13_65	999999	999999	246630	0.24663	0.24663
chr13_66	1000000	1000000	297388	0.297388	0.297388
chr13_67	1000000	1000000	640610	0.64061	0.64061
chr13_68	1000000	1000000	585626	0.585626	0.585626
chr13_69	1000000	1000000	261486	0.261486	0.261486
chr13_70	1000000	1000000	247625	0.247625	0.247625
chr13_71	1000000	1000000	252657	0.252657	0.252657
chr13_72	1000006	1000006	300413	0.300411	0.300411
chr13_73	1000000	1000000	401291	0.401291	0.401291
chr13_74	999999	999999	516917	0.516917	0.516917
chr13_75	1000000	1000000	536662	0.536662	0.536662
chr13_76	999999	999999	560491	0.560492	0.560492
chr13_77	999999	999999	562698	0.562698	0.562698
chr13_78	1000000	1000000	778445	0.778445	0.778445
chr13_79	1000000	1000000	375708	0.375708	0.375708
chr13_80	1000000	1000000	591241	0.591241	0.591241
chr13_81	1000000	1000000	662251	0.662251	0.662251
chr13_82	1000000	1000000	306775	0.306775	0.306775
chr13_83	1000000	1000000	304663	0.304663	0.304663
chr13_84	1000000	1000000	491330	0.49133	0.49133
chr13_85	1000000	1000000	309230	0.30923	0.30923
chr13_86	1000000	1000000	328970	0.32897	0.32897
chr13_88	1000000	1000000	312656	0.312656	0.312656
chr13_89	999999	999999	283627	0.283627	0.283627
chr13_90	1000000	1000000	305147	0.305147	0.305147
chr13_91	1000000	1000000	328121	0.328121	0.328121
chr13_92	999999	999999	395767	0.395767	0.395767
chr13_93	1000000	1000000	330874	0.330874	0.330874
chr13_94	1000001	1000001	398584	0.398583	0.398583
chr13_95	1000000	1000000	633217	0.633217	0.633217
chr13_96	1000000	1000000	612670	0.61267	0.61267
chr13_97	1000000	1000000	612004	0.612004	0.612004
chr13_101	1000098	1000098	831934	0.831852	0.831852
chr13_102	999998	999998	602276	0.602277	0.602277
chr13_104	1000000	1000000	393492	0.393492	0.393492
chr13_105	1000001	1000001	361962	0.361962	0.361962
chr13_106	999998	999998	410187	0.410188	0.410188
chr13_108	1000000	1000000	503942	0.503942	0.503942
chr13_109	1000000	1000000	474527	0.474527	0.474527
chr14_21	1000000	1000000	758646	0.758646	0.758646
chr14_22	1000080	1000080	781906	0.781843	0.781843
chr14_23	1000970	1000970	780946	0.780189	0.780189
chr14_26	1000000	1000000	545215	0.545215	0.545215
chr14_28	1000000	1000000	272483	0.272483	0.272483
chr14_29	1000000	1000000	449447	0.449447	0.449447
chr14_30	1000000	1000000	536906	0.536906	0.536906
chr14_31	1000000	1000000	547199	0.547199	0.547199
chr14_37	999999	999999	512704	0.512705	0.512705
chr14_39	999999	999999	599201	0.599202	0.599202
chr14_40	1000000	1000000	585316	0.585316	0.585316
chr14_41	1000001	1000001	271173	0.271173	0.271173
chr14_42	999998	999998	321322	0.321323	0.321323
chr14_43	1000000	1000000	301479	0.301479	0.301479
chr14_44	1000000	1000000	247132	0.247132	0.247132
chr14_48	1000000	1000000	429159	0.429159	0.429159
chr14_49	1000000	1000000	312187	0.312187	0.312187
chr14_50	997515	997515	672671	0.674346	0.674346
chr14_53	1000000	1000000	701171	0.701171	0.701171
chr14_54	1000000	1000000	612893	0.612893	0.612893
chr14_56	1000000	1000000	745515	0.745515	0.745515
chr14_57	1000000	1000000	568302	0.568302	0.568302
chr14_59	1000000	1000000	759915	0.759915	0.759915
chr14_60	1000000	1000000	713480	0.71348	0.71348
chr14_61	1000000	1000000	528790	0.52879	0.52879
chr14_62	1000000	1000000	809127	0.809127	0.809127
chr14_63	1000000	1000000	441069	0.441069	0.441069
chr14_64	1000000	1000000	662126	0.662126	0.662126
chr14_67	999999	999999	543829	0.54383	0.54383
chr14_81	1000001	1000001	424211	0.424211	0.424211
chr14_82	1000000	1000000	668130	0.66813	0.66813
chr14_83	1000000	1000000	419758	0.419758	0.419758
chr14_84	1000000	1000000	312151	0.312151	0.312151
chr14_85	1000000	1000000	343284	0.343284	0.343284
chr14_86	1000000	1000000	481420	0.48142	0.48142
chr14_88	1000000	1000000	616594	0.616594	0.616594
chr14_98	1000000	1000000	539425	0.539425	0.539425
chr14_99	1000000	1000000	485795	0.485795	0.485795
chr15_25	1000000	1000000	364907	0.364907	0.364907
chr15_27	1000000	1000000	691753	0.691753	0.691753
chr15_28	999999	999999	675442	0.675442	0.675442
chr15_35	1000000	1000000	643587	0.643587	0.643587
chr15_36	1000000	1000000	456786	0.456786	0.456786
chr15_37	1000000	1000000	491810	0.49181	0.49181
chr15_38	1000000	1000000	458438	0.458438	0.458438
chr15_39	1000000	1000000	790207	0.790207	0.790207
chr15_40	1000000	1000000	615174	0.615174	0.615174
chr15_46	1000000	1000000	909702	0.909702	0.909702
chr15_47	1000000	1000000	392178	0.392178	0.392178
chr15_48	999999	999999	659479	0.65948	0.65948
chr15_49	1000000	1000000	727485	0.727485	0.727485
chr15_50	1000000	1000000	597769	0.597769	0.597769
chr15_51	1000000	1000000	658001	0.658001	0.658001
chr15_54	1000000	1000000	382558	0.382558	0.382558
chr15_56	1000000	1000000	550108	0.550108	0.550108
chr15_82	1000000	1000000	648145	0.648145	0.648145
chr15_87	1000000	1000000	527930	0.52793	0.52793
chr15_88	1000000	1000000	525127	0.525127	0.525127
chr15_94	999999	999999	649809	0.649809	0.649809
chr15_95	1000000	1000000	407686	0.407686	0.407686
chr15_96	1000000	1000000	421322	0.421322	0.421322
chr15_97	1000001	1000001	421491	0.42149	0.42149
chr15_98	1000000	1000000	409800	0.4098	0.4098
chr16_32	1000000	1000000	748946	0.748946	0.748946
chr16_33	1000000	1000000	92095	0.092095	0.092095
chr16_48	1000000	1000000	694854	0.694854	0.694854
chr16_53	1000000	1000000	537605	0.537605	0.537605
chr16_60	1000000	1000000	339939	0.339939	0.339939
chr16_61	1000000	1000000	306063	0.306063	0.306063
chr16_62	1000000	1000000	469485	0.469485	0.469485
chr16_63	1000000	1000000	479711	0.479711	0.479711
chr16_64	1000000	1000000	340741	0.340741	0.340741
chr16_65	999999	999999	463208	0.463208	0.463208
chr16_66	1000000	1000000	725125	0.725125	0.725125
chr16_77	999999	999999	553214	0.553214	0.553214
chr16_78	1000000	1000000	597949	0.597949	0.597949
chr17_14	1000000	1000000	455138	0.455138	0.455138
chr17_15	1000000	1000000	453075	0.453075	0.453075
chr17_53	1000000	1000000	364248	0.364248	0.364248
chr17_55	1000000	1000000	447362	0.447362	0.447362
chr17_70	1000000	1000000	561732	0.561732	0.561732
chr17_71	1000000	1000000	628972	0.628972	0.628972
chr17_72	1000000	1000000	488775	0.488775	0.488775
chr18_2	1000000	1000000	299620	0.29962	0.29962
chr18_5	999999	999999	515693	0.515694	0.515694
chr18_6	1000000	1000000	675421	0.675421	0.675421
chr18_7	1000000	1000000	595098	0.595098	0.595098
chr18_8	999999	999999	593230	0.593231	0.593231
chr18_12	1000001	1000001	698872	0.698872	0.698872
chr18_15	1000000	1000000	262708	0.262708	0.262708
chr18_22	1000000	1000000	644160	0.64416	0.64416
chr18_23	1000002	1000002	419221	0.41922	0.41922
chr18_26	1000000	1000000	538567	0.538567	0.538567
chr18_27	1000000	1000000	771187	0.771187	0.771187
chr18_28	1000000	1000000	482214	0.482214	0.482214
chr18_29	1000000	1000000	508157	0.508157	0.508157
chr18_30	1000001	1000001	302062	0.302062	0.302062
chr18_31	1000001	1000001	351516	0.351516	0.351516
chr18_32	999997	999997	469059	0.46906	0.46906
chr18_33	1000001	1000001	744986	0.744986	0.744986
chr18_34	1000000	1000000	400884	0.400884	0.400884
chr18_35	1000000	1000000	726198	0.726198	0.726198
chr18_37	1000000	1000000	720881	0.720881	0.720881
chr18_38	1000001	1000001	992356	0.992355	0.992355
chr18_39	1000000	1000000	424939	0.424939	0.424939
chr18_40	1000000	1000000	403123	0.403123	0.403123
chr18_41	1000000	1000000	376822	0.376822	0.376822
chr18_42	1000000	1000000	417050	0.41705	0.41705
chr18_43	1000001	1000001	446686	0.446686	0.446686
chr18_44	1000000	1000000	362210	0.36221	0.36221
chr18_45	1000000	1000000	635409	0.635409	0.635409
chr18_52	1000000	1000000	596845	0.596845	0.596845
chr18_54	1000000	1000000	420896	0.420896	0.420896
chr18_55	1140861	1140861	482994	0.423359	0.423359
chr18_56	1000000	1000000	1.11883e+06	1.11883	1.11883
chr18_57	1000000	1000000	749183	0.749183	0.749183
chr18_60	1000000	1000000	661083	0.661083	0.661083
chr18_61	1000001	1000001	398186	0.398186	0.398186
chr18_62	1000000	1000000	775332	0.775332	0.775332
chr18_63	1000000	1000000	1.07527e+06	1.07527	1.07527
chr18_64	1000001	1000001	714338	0.714337	0.714337
chr18_65	1000002	1000002	353980	0.353979	0.353979
chr18_66	1000000	1000000	318930	0.31893	0.31893
chr18_67	1000001	1000001	334083	0.334083	0.334083
chr18_68	1000000	1000000	395584	0.395584	0.395584
chr18_69	1000000	1000000	368623	0.368623	0.368623
chr18_70	999999	999999	418213	0.418213	0.418213
chr18_71	1000000	1000000	621868	0.621868	0.621868
chr18_72	999999	999999	331478	0.331479	0.331479
chr18_73	1000000	1000000	435791	0.435791	0.435791
chr18_74	1000000	1000000	476231	0.476231	0.476231
chr18_78	1000000	1000000	858079	0.858079	0.858079
chr19_21	1071997	1071997	495361	0.462092	0.462092
chr19_22	999996	999996	556209	0.556212	0.556212
chr19_23	1000000	1000000	327173	0.327173	0.327173
chr19_24	1000000	1000000	437059	0.437059	0.437059
chr19_53	1000000	1000000	725532	0.725532	0.725532
chr20_7	1000001	1000001	508030	0.508029	0.508029
chr20_8	1000000	1000000	398898	0.398898	0.398898
chr20_12	1000000	1000000	666960	0.66696	0.66696
chr20_13	1000000	1000000	579988	0.579988	0.579988
chr20_14	999998	999998	540095	0.540096	0.540096
chr20_15	1000000	1000000	497714	0.497714	0.497714
chr20_16	999999	999999	665534	0.665534	0.665534
chr20_17	1000000	1000000	699808	0.699808	0.699808
chr20_19	1000000	1000000	713914	0.713914	0.713914
chr20_22	999997	999997	737865	0.737867	0.737867
chr20_23	999999	999999	451938	0.451938	0.451938
chr20_26	1000000	1000000	1.03479e+06	1.03479	1.03479
chr20_53	1000000	1000000	538199	0.538199	0.538199
chr20_54	1000000	1000000	706287	0.706287	0.706287
chr20_55	1000000	1000000	523327	0.523327	0.523327
chr20_56	958517	958517	368140	0.384072	0.384072
chr21_14	1000000	1000000	91962.9	0.0919629	0.0919629
chr21_15	1000000	1000000	446418	0.446418	0.446418
chr21_16	999999	999999	534644	0.534645	0.534645
chr21_17	1000000	1000000	687604	0.687604	0.687604
chr21_18	999997	999997	763021	0.763023	0.763023
chr21_19	1000001	1000001	304186	0.304186	0.304186
chr21_20	999996	999996	328575	0.328576	0.328576
chr21_21	1000004	1000004	478718	0.478716	0.478716
chr21_22	1000001	1000001	487426	0.487425	0.487425
chr21_23	1000003	1000003	301654	0.301653	0.301653
chr21_24	999993	999993	292432	0.292434	0.292434
chr21_25	999997	999997	360577	0.360579	0.360579
chr21_26	1000003	1000003	754875	0.754873	0.754873
chr21_27	1000004	1000004	759425	0.759422	0.759422
chr21_28	1000000	1000000	425665	0.425665	0.425665
chr21_29	1000002	1000002	589557	0.589556	0.589556
chr21_31	1000001	1000001	364412	0.364411	0.364411
chr21_36	1000001	1000001	553937	0.553936	0.553936
chr22_35	1000001	1000001	490481	0.490481	0.490481
