chr1_2	996059	996059	1.24153e+06	1.24644	1.24644
chr1_4	1143496	1143496	1.33177e+06	1.16465	1.16465
chr1_5	1000000	1000000	785995	0.785995	0.785995
chr1_6	1000000	1000000	737340	0.73734	0.73734
chr1_7	1000000	1000000	1.14528e+06	1.14528	1.14528
chr1_8	1000000	1000000	869872	0.869872	0.869872
chr1_9	999999	999999	1.25889e+06	1.25889	1.25889
chr1_10	999999	999999	1.23374e+06	1.23374	1.23374
chr1_11	999999	999999	1.07769e+06	1.07769	1.07769
chr1_12	1000000	1000000	1.09978e+06	1.09978	1.09978
chr1_13	954153	954153	869164	0.910928	0.910928
chr1_15	1000001	1000001	1.05164e+06	1.05164	1.05164
chr1_16	999999	999999	1.27081e+06	1.27081	1.27081
chr1_17	1000000	1000000	829282	0.829282	0.829282
chr1_18	999999	999999	935366	0.935367	0.935367
chr1_19	1000000	1000000	889012	0.889012	0.889012
chr1_20	999999	999999	1.07929e+06	1.07929	1.07929
chr1_21	1000000	1000000	1.04821e+06	1.04821	1.04821
chr1_22	1000000	1000000	1.12495e+06	1.12495	1.12495
chr1_23	1000000	1000000	891988	0.891988	0.891988
chr1_24	999997	999997	941864	0.941867	0.941867
chr1_25	1000001	1000001	867367	0.867366	0.867366
chr1_26	1000000	1000000	1.14901e+06	1.14901	1.14901
chr1_27	1000000	1000000	1.15785e+06	1.15785	1.15785
chr1_28	1000020	1000020	1.40914e+06	1.40911	1.40911
chr1_29	1000001	1000001	925780	0.925779	0.925779
chr1_30	1146335	1146335	678594	0.591968	0.591968
chr1_31	1000000	1000000	905030	0.90503	0.90503
chr1_32	992754	992754	1.14462e+06	1.15298	1.15298
chr1_33	1000000	1000000	1.16923e+06	1.16923	1.16923
chr1_34	1000000	1000000	1.16638e+06	1.16638	1.16638
chr1_35	1000000	1000000	736184	0.736184	0.736184
chr1_36	1000000	1000000	841292	0.841292	0.841292
chr1_37	1000000	1000000	1.13464e+06	1.13464	1.13464
chr1_38	1000071	1000071	889286	0.889223	0.889223
chr1_39	1000000	1000000	746769	0.746769	0.746769
chr1_40	1000000	1000000	1.26249e+06	1.26249	1.26249
chr1_41	1000000	1000000	1.0872e+06	1.0872	1.0872
chr1_42	999999	999999	977997	0.977998	0.977998
chr1_43	1000000	1000000	822409	0.822409	0.822409
chr1_44	1000001	1000001	1.24023e+06	1.24022	1.24022
chr1_45	1000000	1000000	1.38856e+06	1.38856	1.38856
chr1_46	1000000	1000000	903235	0.903235	0.903235
chr1_47	1000000	1000000	907538	0.907538	0.907538
chr1_48	1000000	1000000	656997	0.656997	0.656997
chr1_49	1000000	1000000	737919	0.737919	0.737919
chr1_51	1000000	1000000	747596	0.747596	0.747596
chr1_52	1000000	1000000	769768	0.769768	0.769768
chr1_53	1000000	1000000	731708	0.731708	0.731708
chr1_54	1000001	1000001	829077	0.829076	0.829076
chr1_55	1000000	1000000	1.09809e+06	1.09809	1.09809
chr1_56	1000000	1000000	653009	0.653009	0.653009
chr1_57	1000000	1000000	717888	0.717888	0.717888
chr1_58	999999	999999	618213	0.618214	0.618214
chr1_59	1000000	1000000	797410	0.79741	0.79741
chr1_60	1000000	1000000	795315	0.795315	0.795315
chr1_61	1000000	1000000	545792	0.545792	0.545792
chr1_62	1000000	1000000	966279	0.966279	0.966279
chr1_63	999999	999999	626905	0.626905	0.626905
chr1_64	1000001	1000001	646194	0.646194	0.646194
chr1_65	1000011	1000011	791526	0.791517	0.791517
chr1_66	1000000	1000000	919399	0.919399	0.919399
chr1_67	1000000	1000000	976731	0.976731	0.976731
chr1_68	1000000	1000000	663452	0.663452	0.663452
chr1_78	999999	999999	1.0051e+06	1.0051	1.0051
chr1_94	999999	999999	725420	0.725421	0.725421
chr1_95	1000000	1000000	867452	0.867452	0.867452
chr1_110	1000000	1000000	1.56963e+06	1.56963	1.56963
chr1_111	1000000	1000000	963512	0.963512	0.963512
chr1_112	1000000	1000000	961672	0.961672	0.961672
chr1_113	1000000	1000000	816988	0.816988	0.816988
chr1_117	1000001	1000001	1.02697e+06	1.02697	1.02697
chr1_148	1000674	1000674	574953	0.574565	0.574565
chr1_151	1000529	1000529	1.21133e+06	1.21068	1.21068
chr1_152	1000000	1000000	1.14504e+06	1.14504	1.14504
chr1_153	1000000	1000000	420988	0.420988	0.420988
chr1_154	1000000	1000000	974908	0.974908	0.974908
chr1_155	1000000	1000000	1.16065e+06	1.16065	1.16065
chr1_156	997315	997315	1.44524e+06	1.44914	1.44914
chr1_157	1000001	1000001	1.68149e+06	1.68149	1.68149
chr1_158	999998	999998	531755	0.531756	0.531756
chr1_161	1000000	1000000	1.0994e+06	1.0994	1.0994
chr1_163	1000000	1000000	816152	0.816152	0.816152
chr1_166	1000000	1000000	661402	0.661402	0.661402
chr1_168	1000001	1000001	849377	0.849376	0.849376
chr1_176	1000000	1000000	863109	0.863109	0.863109
chr1_181	1000001	1000001	733588	0.733588	0.733588
chr1_182	999999	999999	826036	0.826037	0.826037
chr1_183	1000000	1000000	914468	0.914468	0.914468
chr1_184	999999	999999	1.10201e+06	1.10201	1.10201
chr1_185	999998	999998	839318	0.83932	0.83932
chr1_202	1000000	1000000	1.59843e+06	1.59843	1.59843
chr1_203	1000000	1000000	982461	0.982461	0.982461
chr1_204	1000000	1000000	1.37484e+06	1.37484	1.37484
chr1_205	1000000	1000000	1.467e+06	1.467	1.467
chr1_206	953579	953579	1.5175e+06	1.59138	1.59138
chr1_208	1000000	1000000	868606	0.868606	0.868606
chr1_209	1000000	1000000	783743	0.783743	0.783743
chr1_210	1000000	1000000	841542	0.841542	0.841542
chr1_211	999997	999997	934608	0.934611	0.934611
chr1_212	1000000	1000000	827763	0.827763	0.827763
chr1_213	1000000	1000000	877612	0.877612	0.877612
chr1_226	999999	999999	897682	0.897683	0.897683
chr1_227	1000000	1000000	1.29012e+06	1.29012	1.29012
chr1_228	1000000	1000000	714069	0.714069	0.714069
chr1_230	1000000	1000000	1.09449e+06	1.09449	1.09449
chr1_231	999999	999999	1.40347e+06	1.40348	1.40348
chr1_232	1000000	1000000	812370	0.81237	0.81237
chr1_233	1000000	1000000	718788	0.718788	0.718788
chr1_234	1000000	1000000	723397	0.723397	0.723397
chr1_235	1000001	1000001	1.21059e+06	1.21059	1.21059
chr1_236	1027553	1027553	801909	0.780407	0.780407
chr1_244	1000000	1000000	837997	0.837997	0.837997
chr1_245	1000000	1000000	929456	0.929456	0.929456
chr1_246	1000000	1000000	630994	0.630994	0.630994
chr1_247	1000000	1000000	681640	0.68164	0.68164
chr2_1	985686	985686	576829	0.585206	0.585206
chr2_3	1000000	1000000	916595	0.916595	0.916595
chr2_8	1000000	1000000	654862	0.654862	0.654862
chr2_9	999998	999998	922225	0.922227	0.922227
chr2_10	999999	999999	1.0333e+06	1.0333	1.0333
chr2_12	1000000	1000000	953250	0.95325	0.95325
chr2_16	999998	999998	731819	0.731821	0.731821
chr2_21	1023111	1023111	1.03419e+06	1.01083	1.01083
chr2_24	999998	999998	768462	0.768463	0.768463
chr2_25	999999	999999	953853	0.953854	0.953854
chr2_26	1000000	1000000	1.23888e+06	1.23888	1.23888
chr2_27	999999	999999	1.00012e+06	1.00012	1.00012
chr2_28	999999	999999	984299	0.9843	0.9843
chr2_29	999999	999999	970140	0.970141	0.970141
chr2_30	1000000	1000000	732230	0.73223	0.73223
chr2_31	1000000	1000000	731818	0.731818	0.731818
chr2_32	1002203	1002203	566380	0.565135	0.565135
chr2_38	1000000	1000000	658118	0.658118	0.658118
chr2_39	999998	999998	832176	0.832178	0.832178
chr2_40	999999	999999	775379	0.77538	0.77538
chr2_43	1000000	1000000	887706	0.887706	0.887706
chr2_44	999999	999999	1.03655e+06	1.03655	1.03655
chr2_45	1000000	1000000	679154	0.679154	0.679154
chr2_46	1000000	1000000	763034	0.763034	0.763034
chr2_47	1000000	1000000	1.0946e+06	1.0946	1.0946
chr2_48	1000000	1000000	1.34268e+06	1.34268	1.34268
chr2_49	1000000	1000000	876251	0.876251	0.876251
chr2_55	999999	999999	1.19925e+06	1.19925	1.19925
chr2_56	999999	999999	993705	0.993706	0.993706
chr2_61	1000000	1000000	705540	0.70554	0.70554
chr2_62	1000000	1000000	856648	0.856648	0.856648
chr2_63	1000000	1000000	666530	0.66653	0.66653
chr2_66	1000000	1000000	824897	0.824897	0.824897
chr2_69	1000000	1000000	766989	0.766989	0.766989
chr2_70	1000000	1000000	1.04303e+06	1.04303	1.04303
chr2_71	999998	999998	1.07524e+06	1.07524	1.07524
chr2_72	1000000	1000000	896534	0.896534	0.896534
chr2_73	999999	999999	698142	0.698142	0.698142
chr2_74	999998	999998	764183	0.764185	0.764185
chr2_75	1000000	1000000	950014	0.950014	0.950014
chr2_86	1000000	1000000	1.43199e+06	1.43199	1.43199
chr2_99	1000000	1000000	978460	0.97846	0.97846
chr2_100	999999	999999	724654	0.724654	0.724654
chr2_101	1000000	1000000	833857	0.833857	0.833857
chr2_102	1000000	1000000	1.18257e+06	1.18257	1.18257
chr2_103	999996	999996	538308	0.538311	0.538311
chr2_106	999998	999998	849630	0.849632	0.849632
chr2_120	1000000	1000000	742250	0.74225	0.74225
chr2_121	1000000	1000000	782767	0.782767	0.782767
chr2_122	1000000	1000000	857846	0.857846	0.857846
chr2_128	999998	999998	1.18643e+06	1.18643	1.18643
chr2_129	1000000	1000000	859383	0.859383	0.859383
chr2_134	999998	999998	686471	0.686472	0.686472
chr2_135	999999	999999	810683	0.810684	0.810684
chr2_153	1000000	1000000	1.2473e+06	1.2473	1.2473
chr2_171	1000000	1000000	591348	0.591348	0.591348
chr2_172	1008397	1008397	722407	0.716391	0.716391
chr2_173	999821	999821	781460	0.7816	0.7816
chr2_174	1000000	1000000	593159	0.593159	0.593159
chr2_175	1000000	1000000	894753	0.894753	0.894753
chr2_198	1000000	1000000	1.04271e+06	1.04271	1.04271
chr2_201	1000000	1000000	877703	0.877703	0.877703
chr2_202	1000000	1000000	778766	0.778766	0.778766
chr2_203	1000000	1000000	678590	0.67859	0.67859
chr2_204	1000000	1000000	728182	0.728182	0.728182
chr2_206	1000001	1000001	590599	0.590599	0.590599
chr2_207	1000000	1000000	640593	0.640593	0.640593
chr2_208	1000000	1000000	1.06725e+06	1.06725	1.06725
chr2_217	1000000	1000000	852442	0.852442	0.852442
chr2_218	1000000	1000000	918934	0.918934	0.918934
chr2_219	999999	999999	1.07945e+06	1.07945	1.07945
chr2_220	999999	999999	1.0289e+06	1.0289	1.0289
chr2_223	999999	999999	676661	0.676661	0.676661
chr2_225	1000000	1000000	724088	0.724088	0.724088
chr2_230	1000000	1000000	799628	0.799628	0.799628
chr2_231	999999	999999	741849	0.74185	0.74185
chr2_232	999995	999995	1.25235e+06	1.25236	1.25236
chr2_233	1000000	1000000	985779	0.985779	0.985779
chr2_234	1043934	1043934	805536	0.771635	0.771635
chr2_236	1000000	1000000	1.05701e+06	1.05701	1.05701
chr2_237	999999	999999	734358	0.734359	0.734359
chr2_238	999999	999999	867857	0.867858	0.867858
chr2_239	1013054	1013054	802720	0.792376	0.792376
chr3_10	1000000	1000000	1.14574e+06	1.14574	1.14574
chr3_11	1000002	1000002	1.27757e+06	1.27757	1.27757
chr3_12	999788	999788	1.21675e+06	1.21701	1.21701
chr3_13	1000026	1000026	955737	0.955712	0.955712
chr3_14	1000000	1000000	1.13138e+06	1.13138	1.13138
chr3_34	1000000	1000000	775482	0.775482	0.775482
chr3_38	1000000	1000000	1.02495e+06	1.02495	1.02495
chr3_42	1000001	1000001	528081	0.528081	0.528081
chr3_43	1000000	1000000	1.30508e+06	1.30508	1.30508
chr3_44	1000000	1000000	751560	0.75156	0.75156
chr3_45	1000000	1000000	699568	0.699568	0.699568
chr3_46	1000000	1000000	889050	0.88905	0.88905
chr3_47	999998	999998	741772	0.741773	0.741773
chr3_48	1000000	1000000	1.10235e+06	1.10235	1.10235
chr3_49	995943	995943	1.2029e+06	1.2078	1.2078
chr3_51	999998	999998	1.26542e+06	1.26542	1.26542
chr3_53	1000000	1000000	1.37167e+06	1.37167	1.37167
chr3_54	1000011	1000011	970551	0.97054	0.97054
chr3_55	1000000	1000000	726271	0.726271	0.726271
chr3_56	1000001	1000001	624100	0.6241	0.6241
chr3_57	1000000	1000000	880326	0.880326	0.880326
chr3_59	999999	999999	1.06015e+06	1.06015	1.06015
chr3_63	1000002	1000002	727389	0.727387	0.727387
chr3_65	999999	999999	873792	0.873793	0.873793
chr3_72	1000000	1000000	918138	0.918138	0.918138
chr3_73	1000000	1000000	1.17112e+06	1.17112	1.17112
chr3_115	1000000	1000000	776426	0.776426	0.776426
chr3_118	1000000	1000000	856139	0.856139	0.856139
chr3_120	1000000	1000000	730999	0.730999	0.730999
chr3_121	1000000	1000000	744860	0.74486	0.74486
chr3_124	1000000	1000000	997428	0.997428	0.997428
chr3_125	999997	999997	1.04781e+06	1.04782	1.04782
chr3_126	999999	999999	747432	0.747433	0.747433
chr3_127	1000000	1000000	954369	0.954369	0.954369
chr3_128	1000000	1000000	1.04666e+06	1.04666	1.04666
chr3_129	1000000	1000000	864858	0.864858	0.864858
chr3_130	1000000	1000000	1.11806e+06	1.11806	1.11806
chr3_135	999998	999998	923111	0.923113	0.923113
chr3_142	1000000	1000000	847572	0.847572	0.847572
chr3_144	1000000	1000000	744823	0.744823	0.744823
chr3_150	1000000	1000000	755365	0.755365	0.755365
chr3_180	1000000	1000000	896340	0.89634	0.89634
chr3_183	1000000	1000000	632706	0.632706	0.632706
chr3_185	1000000	1000000	987050	0.98705	0.98705
chr3_186	1000001	1000001	744348	0.744347	0.744347
chr3_187	999999	999999	1.00856e+06	1.00856	1.00856
chr3_189	1000001	1000001	931546	0.931545	0.931545
chr4_3	1000000	1000000	1.28467e+06	1.28467	1.28467
chr4_4	1000000	1000000	893400	0.8934	0.8934
chr4_5	1000000	1000000	661860	0.66186	0.66186
chr4_6	1000000	1000000	545025	0.545025	0.545025
chr4_9	999999	999999	810769	0.81077	0.81077
chr4_17	1000000	1000000	917579	0.917579	0.917579
chr4_25	999999	999999	748000	0.748001	0.748001
chr4_26	1000000	1000000	725679	0.725679	0.725679
chr4_27	1000000	1000000	810832	0.810832	0.810832
chr4_39	999999	999999	1.03316e+06	1.03316	1.03316
chr4_40	1000000	1000000	792784	0.792784	0.792784
chr4_42	1000000	1000000	1.0865e+06	1.0865	1.0865
chr4_140	1000000	1000000	932199	0.932199	0.932199
chr4_152	1000000	1000000	876584	0.876584	0.876584
chr4_153	1000000	1000000	729587	0.729587	0.729587
chr4_154	1000000	1000000	917698	0.917698	0.917698
chr4_184	1000000	1000000	774824	0.774824	0.774824
chr4_185	1000001	1000001	988718	0.988717	0.988717
chr4_186	1000000	1000000	818437	0.818437	0.818437
chr5_11	1000000	1000000	918187	0.918187	0.918187
chr5_12	1000000	1000000	1.14081e+06	1.14081	1.14081
chr5_15	1000000	1000000	1.0129e+06	1.0129	1.0129
chr5_32	999999	999999	751046	0.751046	0.751046
chr5_39	1000000	1000000	711775	0.711775	0.711775
chr5_62	1000000	1000000	890717	0.890717	0.890717
chr5_67	1000000	1000000	666028	0.666028	0.666028
chr5_68	1000000	1000000	815214	0.815214	0.815214
chr5_69	999999	999999	973719	0.97372	0.97372
chr5_73	1000000	1000000	914153	0.914153	0.914153
chr5_74	999998	999998	610333	0.610334	0.610334
chr5_78	999999	999999	890172	0.890173	0.890173
chr5_80	1000000	1000000	707238	0.707238	0.707238
chr5_125	1000000	1000000	1.13598e+06	1.13598	1.13598
chr5_132	1000000	1000000	923336	0.923336	0.923336
chr5_133	999999	999999	1.22421e+06	1.22421	1.22421
chr5_134	999999	999999	897899	0.8979	0.8979
chr5_136	999999	999999	749169	0.74917	0.74917
chr5_137	1000000	1000000	493239	0.493239	0.493239
chr5_138	1000000	1000000	1.15676e+06	1.15676	1.15676
chr5_139	1000000	1000000	1.22759e+06	1.22759	1.22759
chr5_141	1000000	1000000	945483	0.945483	0.945483
chr5_142	999980	999980	1.10372e+06	1.10375	1.10375
chr5_143	1000000	1000000	1.09075e+06	1.09075	1.09075
chr5_144	1000000	1000000	847708	0.847708	0.847708
chr5_148	1000000	1000000	728401	0.728401	0.728401
chr5_149	1000000	1000000	576798	0.576798	0.576798
chr5_150	1000000	1000000	985500	0.9855	0.9855
chr5_151	999999	999999	1.3336e+06	1.3336	1.3336
chr5_152	999999	999999	853017	0.853017	0.853017
chr5_155	1000000	1000000	905042	0.905042	0.905042
chr5_158	999997	999997	814135	0.814137	0.814137
chr5_160	999999	999999	650819	0.65082	0.65082
chr5_168	1000000	1000000	632068	0.632068	0.632068
chr5_169	1000000	1000000	779175	0.779175	0.779175
chr5_171	1000000	1000000	783767	0.783767	0.783767
chr5_173	999999	999999	1.31078e+06	1.31078	1.31078
chr5_174	1000000	1000000	1.08622e+06	1.08622	1.08622
chr5_175	1000000	1000000	700968	0.700968	0.700968
chr5_180	999999	999999	900160	0.900161	0.900161
chr5_181	1000000	1000000	952682	0.952682	0.952682
chr6_3	1000000	1000000	841669	0.841669	0.841669
chr6_4	1000000	1000000	1.33124e+06	1.33124	1.33124
chr6_5	1000000	1000000	707699	0.707699	0.707699
chr6_6	999999	999999	842990	0.842991	0.842991
chr6_7	1000000	1000000	722750	0.72275	0.72275
chr6_8	1000000	1000000	706233	0.706233	0.706233
chr6_12	1000000	1000000	846221	0.846221	0.846221
chr6_13	999999	999999	738579	0.738579	0.738579
chr6_14	999999	999999	1.17281e+06	1.17281	1.17281
chr6_15	1000000	1000000	699920	0.69992	0.69992
chr6_16	1000000	1000000	871449	0.871449	0.871449
chr6_17	1000000	1000000	1.06335e+06	1.06335	1.06335
chr6_18	1000000	1000000	878555	0.878555	0.878555
chr6_25	1000000	1000000	767507	0.767507	0.767507
chr6_26	1000000	1000000	676453	0.676453	0.676453
chr6_28	999999	999999	614575	0.614576	0.614576
chr6_29	999999	999999	357174	0.357174	0.357174
chr6_30	1000000	1000000	7947.94	0.00794794	0.00794794
chr6_31	1000000	1000000	110.495	0.000110495	0.000110495
chr6_32	1000000	1000000	1112.83	0.00111283	0.00111283
chr6_33	1000000	1000000	17637.7	0.0176377	0.0176377
chr6_36	1000000	1000000	1.11922e+06	1.11922	1.11922
chr6_37	999999	999999	1.12946e+06	1.12946	1.12946
chr6_38	1000000	1000000	959034	0.959034	0.959034
chr6_41	1000000	1000000	774456	0.774456	0.774456
chr6_42	999999	999999	1.00531e+06	1.00531	1.00531
chr6_43	1000000	1000000	966648	0.966648	0.966648
chr6_44	999999	999999	1.04164e+06	1.04164	1.04164
chr6_47	1000000	1000000	765029	0.765029	0.765029
chr6_54	1000000	1000000	1.00024e+06	1.00024	1.00024
chr6_90	1000000	1000000	843140	0.84314	0.84314
chr6_108	1000000	1000000	732201	0.732201	0.732201
chr6_109	999999	999999	955203	0.955204	0.955204
chr6_110	1000000	1000000	809124	0.809124	0.809124
chr6_111	1000000	1000000	1.11685e+06	1.11685	1.11685
chr6_112	1000000	1000000	1.12012e+06	1.12012	1.12012
chr6_135	1000000	1000000	1.20476e+06	1.20476	1.20476
chr6_137	999999	999999	1.06879e+06	1.06879	1.06879
chr6_149	1000000	1000000	1.05505e+06	1.05505	1.05505
chr6_150	1000000	1000000	925693	0.925693	0.925693
chr6_151	1000000	1000000	771242	0.771242	0.771242
chr6_155	999999	999999	771762	0.771763	0.771763
chr6_159	1000000	1000000	1.19386e+06	1.19386	1.19386
chr6_160	1000000	1000000	753786	0.753786	0.753786
chr6_162	1000000	1000000	872163	0.872163	0.872163
chr6_163	1000000	1000000	605335	0.605335	0.605335
chr6_164	1000000	1000000	1.53848e+06	1.53848	1.53848
chr6_165	992457	992457	709674	0.715068	0.715068
chr6_166	999999	999999	629970	0.629971	0.629971
chr6_167	1000000	1000000	1.11013e+06	1.11013	1.11013
chr6_169	999415	999415	670036	0.670428	0.670428
chr7_3	999999	999999	1.28617e+06	1.28617	1.28617
chr7_4	999998	999998	569273	0.569274	0.569274
chr7_5	999999	999999	884200	0.884201	0.884201
chr7_6	1000000	1000000	1.19746e+06	1.19746	1.19746
chr7_7	1000000	1000000	832914	0.832914	0.832914
chr7_26	1000001	1000001	697268	0.697267	0.697267
chr7_27	999999	999999	604224	0.604225	0.604225
chr7_28	1000000	1000000	606968	0.606968	0.606968
chr7_29	999997	999997	949983	0.949986	0.949986
chr7_30	1000000	1000000	950965	0.950965	0.950965
chr7_31	999999	999999	1.03511e+06	1.03511	1.03511
chr7_32	999997	999997	648225	0.648227	0.648227
chr7_33	1000000	1000000	712533	0.712533	0.712533
chr7_37	999995	999995	958699	0.958704	0.958704
chr7_44	1000000	1000000	817153	0.817153	0.817153
chr7_45	1000000	1000000	1.16964e+06	1.16964	1.16964
chr7_48	999999	999999	838164	0.838165	0.838165
chr7_67	1000000	1000000	959792	0.959792	0.959792
chr7_68	1000000	1000000	495623	0.495623	0.495623
chr7_69	1000000	1000000	518324	0.518324	0.518324
chr7_70	999999	999999	696739	0.696739	0.696739
chr7_71	1000000	1000000	673989	0.673989	0.673989
chr7_72	999999	999999	754099	0.7541	0.7541
chr7_73	1005538	1005538	548834	0.545812	0.545812
chr7_75	999835	999835	1.06364e+06	1.06382	1.06382
chr7_76	1215153	1215153	603588	0.496718	0.496718
chr7_77	999999	999999	633519	0.63352	0.63352
chr7_78	1000000	1000000	663608	0.663608	0.663608
chr7_99	968311	968311	738006	0.762158	0.762158
chr7_100	1000000	1000000	873390	0.87339	0.87339
chr7_106	999999	999999	1.01103e+06	1.01103	1.01103
chr7_108	1000000	1000000	843075	0.843075	0.843075
chr7_129	1000001	1000001	1.04132e+06	1.04132	1.04132
chr7_130	999786	999786	848815	0.848997	0.848997
chr7_132	1000000	1000000	990903	0.990903	0.990903
chr7_133	1000001	1000001	771620	0.771619	0.771619
chr7_134	999993	999993	616311	0.616315	0.616315
chr7_135	999998	999998	766792	0.766794	0.766794
chr7_136	999997	999997	764096	0.764098	0.764098
chr7_140	1015053	1015053	1.03867e+06	1.02326	1.02326
chr7_141	1000001	1000001	787508	0.787507	0.787507
chr7_142	1000000	1000000	897599	0.897599	0.897599
chr7_149	1000000	1000000	755567	0.755567	0.755567
chr7_150	999997	999997	851123	0.851125	0.851125
chr7_151	999999	999999	666833	0.666834	0.666834
chr7_152	999997	999997	1.26836e+06	1.26837	1.26837
chr7_154	1000000	1000000	380357	0.380357	0.380357
chr7_155	1094625	1094625	918682	0.839266	0.839266
chr7_156	1000984	1000984	697693	0.697007	0.697007
chr7_157	1000000	1000000	538614	0.538614	0.538614
chr7_158	999998	999998	762118	0.76212	0.76212
chr8_2	998166	998166	1.00699e+06	1.00884	1.00884
chr8_7	1000000	1000000	631419	0.631419	0.631419
chr8_10	1000000	1000000	776593	0.776593	0.776593
chr8_11	1000000	1000000	1.03164e+06	1.03164	1.03164
chr8_12	999999	999999	902478	0.902479	0.902479
chr8_18	1000000	1000000	1.10527e+06	1.10527	1.10527
chr8_19	1000001	1000001	741248	0.741247	0.741247
chr8_20	1000001	1000001	985697	0.985696	0.985696
chr8_21	1000000	1000000	664315	0.664315	0.664315
chr8_22	1000000	1000000	624646	0.624646	0.624646
chr8_23	1000002	1000002	1.31891e+06	1.31891	1.31891
chr8_24	1000000	1000000	761902	0.761902	0.761902
chr8_26	1000001	1000001	652939	0.652938	0.652938
chr8_27	1000001	1000001	1.21841e+06	1.21841	1.21841
chr8_28	1000000	1000000	1.05243e+06	1.05243	1.05243
chr8_29	1000000	1000000	902787	0.902787	0.902787
chr8_30	999999	999999	795849	0.79585	0.79585
chr8_38	1000000	1000000	713012	0.713012	0.713012
chr8_39	1000001	1000001	1.14818e+06	1.14818	1.14818
chr8_42	999999	999999	771440	0.771441	0.771441
chr8_43	997625	997625	983086	0.985426	0.985426
chr8_98	1000000	1000000	793214	0.793214	0.793214
chr8_99	1000000	1000000	670885	0.670885	0.670885
chr8_101	1000000	1000000	848122	0.848122	0.848122
chr8_102	1000000	1000000	920341	0.920341	0.920341
chr8_103	1000000	1000000	874109	0.874109	0.874109
chr8_124	1000000	1000000	901681	0.901681	0.901681
chr8_125	1000002	1000002	949362	0.94936	0.94936
chr8_126	1000002	1000002	819383	0.819382	0.819382
chr8_131	1000000	1000000	927883	0.927883	0.927883
chr8_133	999998	999998	862302	0.862304	0.862304
chr8_134	999998	999998	1.10824e+06	1.10824	1.10824
chr8_135	1000000	1000000	749883	0.749883	0.749883
chr8_136	1000000	1000000	867963	0.867963	0.867963
chr8_139	1000000	1000000	677095	0.677095	0.677095
chr8_140	997857	997857	748646	0.750254	0.750254
chr8_141	999999	999999	1.29648e+06	1.29648	1.29648
chr8_143	1000056	1000056	1.17013e+06	1.17006	1.17006
chr9_5	1000000	1000000	875571	0.875571	0.875571
chr9_35	999999	999999	1.02348e+06	1.02348	1.02348
chr9_37	1000000	1000000	863417	0.863417	0.863417
chr9_38	1000000	1000000	918181	0.918181	0.918181
chr9_85	1000000	1000000	996607	0.996607	0.996607
chr9_87	1000000	1000000	688619	0.688619	0.688619
chr9_88	1000000	1000000	738395	0.738395	0.738395
chr9_89	1000000	1000000	664770	0.66477	0.66477
chr9_91	1000000	1000000	579452	0.579452	0.579452
chr9_92	1000000	1000000	676572	0.676572	0.676572
chr9_93	1000000	1000000	734900	0.7349	0.7349
chr9_94	1000000	1000000	886145	0.886145	0.886145
chr9_95	1000000	1000000	869764	0.869764	0.869764
chr9_96	1000000	1000000	998333	0.998333	0.998333
chr9_97	1000000	1000000	1.01527e+06	1.01527	1.01527
chr9_98	1000000	1000000	834850	0.83485	0.83485
chr9_99	1000000	1000000	988723	0.988723	0.988723
chr9_100	1000000	1000000	677166	0.677166	0.677166
chr9_108	1000000	1000000	733410	0.73341	0.73341
chr9_110	1000000	1000000	917840	0.91784	0.91784
chr9_111	1000000	1000000	783722	0.783722	0.783722
chr9_112	1000000	1000000	692023	0.692023	0.692023
chr9_113	1000000	1000000	795553	0.795553	0.795553
chr9_114	1000000	1000000	932195	0.932195	0.932195
chr9_115	1000000	1000000	903436	0.903436	0.903436
chr9_117	1000000	1000000	614621	0.614621	0.614621
chr9_118	999999	999999	781470	0.781471	0.781471
chr9_120	1000000	1000000	706267	0.706267	0.706267
chr9_121	1000000	1000000	974213	0.974213	0.974213
chr9_122	1000001	1000001	1.41664e+06	1.41664	1.41664
chr9_123	1000000	1000000	814451	0.814451	0.814451
chr9_124	1000000	1000000	997597	0.997597	0.997597
chr9_125	1000000	1000000	1.02906e+06	1.02906	1.02906
chr9_126	1000000	1000000	760549	0.760549	0.760549
chr9_127	1000000	1000000	1.0156e+06	1.0156	1.0156
chr9_128	1000000	1000000	1.64323e+06	1.64323	1.64323
chr9_129	1000000	1000000	1.50338e+06	1.50338	1.50338
chr9_130	1000000	1000000	1.74799e+06	1.74799	1.74799
chr9_131	1113108	1113108	1.06033e+06	0.952583	0.952583
chr9_132	1000000	1000000	1.31712e+06	1.31712	1.31712
chr9_133	1000000	1000000	853451	0.853451	0.853451
chr9_134	989735	989735	1.32959e+06	1.34338	1.34338
chr9_136	1000000	1000000	1.02038e+06	1.02038	1.02038
chr9_137	1002606	1002606	1.41507e+06	1.41139	1.41139
chr10_2	996254	996254	931624	0.935127	0.935127
chr10_3	999998	999998	431537	0.431538	0.431538
chr10_4	1000000	1000000	917019	0.917019	0.917019
chr10_5	1000000	1000000	575164	0.575164	0.575164
chr10_6	999771	999771	728483	0.72865	0.72865
chr10_7	999999	999999	1.15146e+06	1.15146	1.15146
chr10_8	1000001	1000001	875073	0.875072	0.875072
chr10_12	1000036	1000036	965712	0.965677	0.965677
chr10_13	1000001	1000001	963085	0.963084	0.963084
chr10_14	1000000	1000000	955621	0.955621	0.955621
chr10_15	999999	999999	867944	0.867945	0.867945
chr10_16	1000000	1000000	775460	0.77546	0.77546
chr10_23	1000000	1000000	979399	0.979399	0.979399
chr10_25	1000000	1000000	1.0336e+06	1.0336	1.0336
chr10_30	1000000	1000000	648467	0.648467	0.648467
chr10_31	1000000	1000000	797154	0.797154	0.797154
chr10_32	999999	999999	729790	0.729791	0.729791
chr10_36	1000000	1000000	921787	0.921787	0.921787
chr10_44	1000000	1000000	850087	0.850087	0.850087
chr10_49	1000011	1000011	745421	0.745413	0.745413
chr10_50	1551715	1551715	648716	0.418064	0.418064
chr10_61	1000000	1000000	1.01432e+06	1.01432	1.01432
chr10_63	1000001	1000001	772484	0.772484	0.772484
chr10_64	1000000	1000000	829950	0.82995	0.82995
chr10_69	999999	999999	815456	0.815456	0.815456
chr10_70	1000000	1000000	973443	0.973443	0.973443
chr10_71	1000001	1000001	928273	0.928272	0.928272
chr10_72	1000001	1000001	1.37842e+06	1.37842	1.37842
chr10_73	1000000	1000000	1.23202e+06	1.23202	1.23202
chr10_74	1000000	1000000	1.01857e+06	1.01857	1.01857
chr10_75	1000000	1000000	733007	0.733007	0.733007
chr10_76	1000000	1000000	749050	0.74905	0.74905
chr10_77	1000000	1000000	523030	0.52303	0.52303
chr10_78	1000000	1000000	1.07744e+06	1.07744	1.07744
chr10_79	999999	999999	1.08365e+06	1.08365	1.08365
chr10_80	999999	999999	1.19689e+06	1.19689	1.19689
chr10_81	1000000	1000000	816933	0.816933	0.816933
chr10_87	1000000	1000000	1.22481e+06	1.22481	1.22481
chr10_92	1000000	1000000	811768	0.811768	0.811768
chr10_93	1000000	1000000	759059	0.759059	0.759059
chr10_94	1000000	1000000	672974	0.672974	0.672974
chr10_96	1000000	1000000	948961	0.948961	0.948961
chr10_97	1000000	1000000	765064	0.765064	0.765064
chr10_98	1000000	1000000	1.12276e+06	1.12276	1.12276
chr10_99	1000000	1000000	582761	0.582761	0.582761
chr10_100	1000000	1000000	657993	0.657993	0.657993
chr10_101	1000000	1000000	772083	0.772083	0.772083
chr10_102	1000000	1000000	942988	0.942988	0.942988
chr10_103	1000000	1000000	1.24266e+06	1.24266	1.24266
chr10_104	1000001	1000001	1.2228e+06	1.2228	1.2228
chr10_105	1000000	1000000	835987	0.835987	0.835987
chr10_111	1000000	1000000	1.07562e+06	1.07562	1.07562
chr10_113	1000001	1000001	671148	0.671147	0.671147
chr10_114	1000000	1000000	853641	0.853641	0.853641
chr10_115	1000000	1000000	966676	0.966676	0.966676
chr10_117	1000000	1000000	756656	0.756656	0.756656
chr10_118	1000000	1000000	737145	0.737145	0.737145
chr10_119	1000001	1000001	644711	0.644711	0.644711
chr10_120	1000000	1000000	936825	0.936825	0.936825
chr10_121	1000001	1000001	556562	0.556562	0.556562
chr10_122	1000002	1000002	1.16198e+06	1.16198	1.16198
chr10_123	1000001	1000001	996261	0.99626	0.99626
chr10_124	1000000	1000000	662558	0.662558	0.662558
chr10_126	1000000	1000000	804110	0.80411	0.80411
chr10_128	1000000	1000000	806757	0.806757	0.806757
chr10_129	1000000	1000000	593684	0.593684	0.593684
chr10_130	1000000	1000000	494228	0.494228	0.494228
chr10_131	999999	999999	530703	0.530703	0.530703
chr10_133	1000000	1000000	1.43689e+06	1.43689	1.43689
chr11_3	1000000	1000000	966882	0.966882	0.966882
chr11_9	1000000	1000000	895957	0.895957	0.895957
chr11_10	1000000	1000000	1.02643e+06	1.02643	1.02643
chr11_12	1000000	1000000	1.0203e+06	1.0203	1.0203
chr11_13	1000000	1000000	1.03945e+06	1.03945	1.03945
chr11_14	1000000	1000000	748290	0.74829	0.74829
chr11_16	1000000	1000000	567641	0.567641	0.567641
chr11_18	1000000	1000000	886554	0.886554	0.886554
chr11_20	999999	999999	964333	0.964334	0.964334
chr11_34	1000001	1000001	982033	0.982032	0.982032
chr11_35	1000000	1000000	850294	0.850294	0.850294
chr11_36	1000003	1000003	960321	0.960318	0.960318
chr11_37	1000000	1000000	888941	0.888941	0.888941
chr11_45	1000001	1000001	856270	0.856269	0.856269
chr11_46	1000000	1000000	1.11561e+06	1.11561	1.11561
chr11_47	1000000	1000000	1.26385e+06	1.26385	1.26385
chr11_48	1000001	1000001	1.23359e+06	1.23359	1.23359
chr11_58	999997	999997	850380	0.850383	0.850383
chr11_63	1000000	1000000	1.34335e+06	1.34335	1.34335
chr11_64	1000000	1000000	1.07716e+06	1.07716	1.07716
chr11_65	1000000	1000000	1.62301e+06	1.62301	1.62301
chr11_66	999999	999999	1.8124e+06	1.8124	1.8124
chr11_67	1000000	1000000	1.17438e+06	1.17438	1.17438
chr11_68	999999	999999	977800	0.977801	0.977801
chr11_69	999998	999998	1.02748e+06	1.02748	1.02748
chr11_70	1078638	1078638	702645	0.651418	0.651418
chr11_73	999999	999999	1.35335e+06	1.35335	1.35335
chr11_75	1000000	1000000	768842	0.768842	0.768842
chr11_76	999999	999999	1.10887e+06	1.10888	1.10888
chr11_77	1000000	1000000	794164	0.794164	0.794164
chr11_79	999999	999999	1.07058e+06	1.07058	1.07058
chr11_80	999998	999998	666666	0.666668	0.666668
chr11_84	1000001	1000001	1.00367e+06	1.00367	1.00367
chr11_87	999999	999999	902330	0.90233	0.90233
chr11_112	1000000	1000000	1.18007e+06	1.18007	1.18007
chr11_113	999998	999998	1.06558e+06	1.06559	1.06559
chr11_114	1000000	1000000	984469	0.984469	0.984469
chr11_115	999998	999998	1.02453e+06	1.02453	1.02453
chr11_116	999998	999998	730626	0.730628	0.730628
chr11_117	999998	999998	914223	0.914225	0.914225
chr11_118	999999	999999	1.80093e+06	1.80093	1.80093
chr11_119	999995	999995	1.16104e+06	1.16105	1.16105
chr11_120	999999	999999	1.50355e+06	1.50356	1.50356
chr11_121	1000000	1000000	1.09018e+06	1.09018	1.09018
chr11_123	1000000	1000000	1.0091e+06	1.0091	1.0091
chr11_124	999999	999999	812795	0.812796	0.812796
chr11_125	999189	999189	818652	0.819317	0.819317
chr11_126	999999	999999	1.07252e+06	1.07252	1.07252
chr11_127	1000001	1000001	1.18636e+06	1.18636	1.18636
chr11_128	999999	999999	490961	0.490962	0.490962
chr11_129	1000000	1000000	740985	0.740985	0.740985
chr11_130	1000000	1000000	558791	0.558791	0.558791
chr11_131	1000000	1000000	860462	0.860462	0.860462
chr11_133	1000001	1000001	870067	0.870066	0.870066
chr11_134	1000000	1000000	855131	0.855131	0.855131
chr11_135	999999	999999	1.008e+06	1.008	1.008
chr12_2	1000000	1000000	963636	0.963636	0.963636
chr12_4	1000000	1000000	835666	0.835666	0.835666
chr12_5	1000000	1000000	721689	0.721689	0.721689
chr12_7	998926	998926	1.59525e+06	1.59696	1.59696
chr12_13	1000000	1000000	1.29105e+06	1.29105	1.29105
chr12_14	1000000	1000000	882291	0.882291	0.882291
chr12_27	1000000	1000000	981679	0.981679	0.981679
chr12_49	1000000	1000000	764754	0.764754	0.764754
chr12_50	1000000	1000000	1.25183e+06	1.25183	1.25183
chr12_51	1000000	1000000	1.1343e+06	1.1343	1.1343
chr12_52	1000001	1000001	1.11269e+06	1.11269	1.11269
chr12_53	1000000	1000000	909196	0.909196	0.909196
chr12_54	1000000	1000000	1.33722e+06	1.33722	1.33722
chr12_55	1000000	1000000	811302	0.811302	0.811302
chr12_57	1000000	1000000	1.0842e+06	1.0842	1.0842
chr12_58	999999	999999	1.29962e+06	1.29962	1.29962
chr12_94	1000000	1000000	854571	0.854571	0.854571
chr12_95	1000000	1000000	776909	0.776909	0.776909
chr12_99	1000000	1000000	892579	0.892579	0.892579
chr12_105	1000000	1000000	840702	0.840702	0.840702
chr12_106	1000000	1000000	741783	0.741783	0.741783
chr12_107	1000000	1000000	1.01923e+06	1.01923	1.01923
chr12_108	999999	999999	593735	0.593736	0.593736
chr12_109	1044028	1044028	1.14862e+06	1.10018	1.10018
chr12_110	1000000	1000000	1.21498e+06	1.21498	1.21498
chr12_111	999999	999999	1.06061e+06	1.06061	1.06061
chr12_112	1000000	1000000	956561	0.956561	0.956561
chr12_113	1000001	1000001	975431	0.97543	0.97543
chr12_115	1000000	1000000	526968	0.526968	0.526968
chr12_116	1000000	1000000	553298	0.553298	0.553298
chr12_117	1000000	1000000	867867	0.867867	0.867867
chr12_118	1000000	1000000	784233	0.784233	0.784233
chr12_119	1000000	1000000	861163	0.861163	0.861163
chr12_120	999999	999999	845824	0.845825	0.845825
chr12_121	999999	999999	1.23421e+06	1.23421	1.23421
chr12_122	1000103	1000103	1.22421e+06	1.22408	1.22408
chr12_123	1046641	1046641	1.26072e+06	1.20454	1.20454
chr12_124	1000000	1000000	1.2598e+06	1.2598	1.2598
chr12_126	1000000	1000000	991241	0.991241	0.991241
chr12_127	999999	999999	512743	0.512744	0.512744
chr12_128	1000000	1000000	665814	0.665814	0.665814
chr12_129	1000000	1000000	799510	0.79951	0.79951
chr12_130	1000000	1000000	634205	0.634205	0.634205
chr13_21	999999	999999	806283	0.806284	0.806284
chr13_22	1000000	1000000	638179	0.638179	0.638179
chr13_26	1000000	1000000	822094	0.822094	0.822094
chr13_27	999999	999999	762121	0.762121	0.762121
chr13_28	1000000	1000000	762773	0.762773	0.762773
chr13_29	1000000	1000000	654480	0.65448	0.65448
chr13_30	1000000	1000000	691607	0.691607	0.691607
chr13_31	1000000	1000000	914485	0.914485	0.914485
chr13_33	1000001	1000001	795298	0.795297	0.795297
chr13_41	999999	999999	880378	0.880379	0.880379
chr13_44	1000000	1000000	947071	0.947071	0.947071
chr13_45	999999	999999	1.12014e+06	1.12015	1.12015
chr13_46	1000000	1000000	788991	0.788991	0.788991
chr13_47	1000000	1000000	734237	0.734237	0.734237
chr13_50	1000000	1000000	787626	0.787626	0.787626
chr13_51	1000000	1000000	782301	0.782301	0.782301
chr13_52	1000000	1000000	1.02866e+06	1.02866	1.02866
chr13_98	1000000	1000000	1.00246e+06	1.00246	1.00246
chr13_99	1000000	1000000	1.00867e+06	1.00867	1.00867
chr13_100	1000000	1000000	979429	0.979429	0.979429
chr13_101	1000098	1000098	789783	0.789705	0.789705
chr13_111	1000000	1000000	913060	0.91306	0.91306
chr13_113	1000000	1000000	786885	0.786885	0.786885
chr14_25	999997	999997	959084	0.959087	0.959087
chr14_34	1000000	1000000	990301	0.990301	0.990301
chr14_51	1000000	1000000	1.08605e+06	1.08605	1.08605
chr14_52	1000000	1000000	837209	0.837209	0.837209
chr14_56	1000000	1000000	731683	0.731683	0.731683
chr14_65	1000000	1000000	1.05663e+06	1.05663	1.05663
chr14_66	1000000	1000000	955058	0.955058	0.955058
chr14_67	999999	999999	522769	0.522769	0.522769
chr14_68	1000000	1000000	856436	0.856436	0.856436
chr14_69	1000000	1000000	1.24015e+06	1.24015	1.24015
chr14_70	1000000	1000000	1.02252e+06	1.02252	1.02252
chr14_71	1000000	1000000	612443	0.612443	0.612443
chr14_72	1000000	1000000	872412	0.872412	0.872412
chr14_73	999991	999991	842016	0.842023	0.842023
chr14_74	999995	999995	1.13368e+06	1.13369	1.13369
chr14_76	999640	999640	1.29383e+06	1.2943	1.2943
chr14_77	1000000	1000000	866741	0.866741	0.866741
chr14_78	1000000	1000000	1.44615e+06	1.44615	1.44615
chr14_79	1000000	1000000	831017	0.831017	0.831017
chr14_90	1000000	1000000	971800	0.9718	0.9718
chr14_91	1000000	1000000	1.30285e+06	1.30285	1.30285
chr14_92	1000000	1000000	838730	0.83873	0.83873
chr14_93	1000001	1000001	970976	0.970975	0.970975
chr14_94	1000001	1000001	1.15096e+06	1.15095	1.15095
chr14_95	999991	999991	722010	0.722017	0.722017
chr14_96	1000000	1000000	1.07677e+06	1.07677	1.07677
chr14_97	1000000	1000000	714769	0.714769	0.714769
chr14_98	1000000	1000000	491559	0.491559	0.491559
chr14_99	1000000	1000000	425621	0.425621	0.425621
chr14_100	1000000	1000000	1.01959e+06	1.01959	1.01959
chr14_103	1000000	1000000	1.45574e+06	1.45574	1.45574
chr14_104	1000000	1000000	1.32326e+06	1.32326	1.32326
chr15_28	999999	999999	660456	0.660457	0.660457
chr15_30	1000000	1000000	1.0788e+06	1.0788	1.0788
chr15_32	1000000	1000000	1.1814e+06	1.1814	1.1814
chr15_34	1000000	1000000	822660	0.82266	0.82266
chr15_35	1000000	1000000	624638	0.624638	0.624638
chr15_41	999997	999997	984128	0.984131	0.984131
chr15_42	1000000	1000000	974513	0.974513	0.974513
chr15_43	1000000	1000000	933083	0.933083	0.933083
chr15_44	1000000	1000000	885589	0.885589	0.885589
chr15_45	1000000	1000000	859409	0.859409	0.859409
chr15_46	1000000	1000000	838246	0.838246	0.838246
chr15_49	1000000	1000000	671367	0.671367	0.671367
chr15_52	1000000	1000000	953342	0.953342	0.953342
chr15_53	1000000	1000000	935220	0.93522	0.93522
chr15_58	1000000	1000000	924275	0.924275	0.924275
chr15_59	1000001	1000001	847859	0.847858	0.847858
chr15_60	1000000	1000000	781762	0.781762	0.781762
chr15_61	1000000	1000000	686264	0.686264	0.686264
chr15_62	1000000	1000000	616564	0.616564	0.616564
chr15_63	1000000	1000000	785881	0.785881	0.785881
chr15_64	1000000	1000000	1.05909e+06	1.05909	1.05909
chr15_65	1000139	1000139	1.18481e+06	1.18465	1.18465
chr15_66	1000000	1000000	965484	0.965484	0.965484
chr15_67	1000000	1000000	867216	0.867216	0.867216
chr15_68	1000000	1000000	800708	0.800708	0.800708
chr15_69	1000001	1000001	1.19279e+06	1.19278	1.19278
chr15_70	1000000	1000000	761576	0.761576	0.761576
chr15_71	1000000	1000000	861936	0.861936	0.861936
chr15_72	1000002	1000002	687786	0.687784	0.687784
chr15_74	1000000	1000000	874659	0.874659	0.874659
chr15_77	1000000	1000000	602915	0.602915	0.602915
chr15_79	1000000	1000000	1.01574e+06	1.01574	1.01574
chr15_80	1000000	1000000	664147	0.664147	0.664147
chr15_81	999999	999999	1.03465e+06	1.03465	1.03465
chr15_82	1000000	1000000	601401	0.601401	0.601401
chr15_84	1000000	1000000	788814	0.788814	0.788814
chr15_86	1000000	1000000	837393	0.837393	0.837393
chr15_87	1000000	1000000	499344	0.499344	0.499344
chr15_88	1000000	1000000	508846	0.508846	0.508846
chr15_89	1000000	1000000	899597	0.899597	0.899597
chr15_90	1000001	1000001	1.03588e+06	1.03588	1.03588
chr15_91	999998	999998	1.45604e+06	1.45604	1.45604
chr15_92	1000000	1000000	944313	0.944313	0.944313
chr15_93	1000000	1000000	1.02614e+06	1.02614	1.02614
chr15_94	999999	999999	657106	0.657107	0.657107
chr15_99	999999	999999	708112	0.708113	0.708113
chr15_100	996976	996976	848717	0.851291	0.851291
chr15_101	1000000	1000000	679838	0.679838	0.679838
chr16_1	990000	990000	1.56707e+06	1.5829	1.5829
chr16_2	1000001	1000001	1.07935e+06	1.07935	1.07935
chr16_3	1000000	1000000	1.23218e+06	1.23218	1.23218
chr16_4	1000000	1000000	914502	0.914502	0.914502
chr16_5	1000000	1000000	1.39954e+06	1.39954	1.39954
chr16_6	1000000	1000000	700605	0.700605	0.700605
chr16_7	1000000	1000000	689959	0.689959	0.689959
chr16_8	1000001	1000001	637644	0.637643	0.637643
chr16_9	1043855	1043855	671803	0.643579	0.643579
chr16_10	1000000	1000000	954213	0.954213	0.954213
chr16_11	1000000	1000000	863477	0.863477	0.863477
chr16_12	1000000	1000000	995538	0.995538	0.995538
chr16_13	1000000	1000000	977402	0.977402	0.977402
chr16_14	1000000	1000000	638612	0.638612	0.638612
chr16_15	1000000	1000000	704283	0.704283	0.704283
chr16_16	1000000	1000000	731224	0.731224	0.731224
chr16_17	1000000	1000000	289125	0.289125	0.289125
chr16_18	1000000	1000000	731614	0.731614	0.731614
chr16_20	1000000	1000000	1.33913e+06	1.33913	1.33913
chr16_21	1000000	1000000	504887	0.504887	0.504887
chr16_22	999999	999999	504458	0.504459	0.504459
chr16_23	1000000	1000000	624418	0.624418	0.624418
chr16_24	1000000	1000000	825329	0.825329	0.825329
chr16_25	1000000	1000000	1.01857e+06	1.01857	1.01857
chr16_26	1000000	1000000	632338	0.632338	0.632338
chr16_27	1000000	1000000	501489	0.501489	0.501489
chr16_28	1000000	1000000	967373	0.967373	0.967373
chr16_29	1000000	1000000	655249	0.655249	0.655249
chr16_31	1000000	1000000	1.20792e+06	1.20792	1.20792
chr16_32	1000000	1000000	710986	0.710986	0.710986
chr16_48	1000000	1000000	671450	0.67145	0.67145
chr16_49	1000000	1000000	752503	0.752503	0.752503
chr16_50	1000000	1000000	665491	0.665491	0.665491
chr16_51	1000000	1000000	954541	0.954541	0.954541
chr16_52	1000001	1000001	795220	0.795219	0.795219
chr16_53	1000000	1000000	532029	0.532029	0.532029
chr16_54	1000000	1000000	809976	0.809976	0.809976
chr16_55	1000000	1000000	502581	0.502581	0.502581
chr16_56	1000000	1000000	538922	0.538922	0.538922
chr16_57	1000000	1000000	1.53092e+06	1.53092	1.53092
chr16_58	999992	999992	1.38708e+06	1.38709	1.38709
chr16_59	1000000	1000000	772479	0.772479	0.772479
chr16_67	1000000	1000000	1.02928e+06	1.02928	1.02928
chr16_68	1000000	1000000	1.42838e+06	1.42838	1.42838
chr16_69	1000000	1000000	956231	0.956231	0.956231
chr16_70	1000000	1000000	1.12975e+06	1.12975	1.12975
chr16_71	1000000	1000000	824082	0.824082	0.824082
chr16_72	999996	999996	613443	0.613445	0.613445
chr16_73	1000000	1000000	733499	0.733499	0.733499
chr16_74	1000000	1000000	649748	0.649748	0.649748
chr16_75	999999	999999	850505	0.850505	0.850505
chr16_76	1000000	1000000	1.18044e+06	1.18044	1.18044
chr16_78	1000000	1000000	598495	0.598495	0.598495
chr16_79	1000000	1000000	708981	0.708981	0.708981
chr16_80	1000000	1000000	740496	0.740496	0.740496
chr16_81	999708	999708	545834	0.545993	0.545993
chr16_82	1000000	1000000	1.04527e+06	1.04527	1.04527
chr16_83	1000000	1000000	647537	0.647537	0.647537
chr16_84	1000000	1000000	743981	0.743981	0.743981
chr16_85	1000001	1000001	1.09989e+06	1.09989	1.09989
chr16_86	1000000	1000000	1.0716e+06	1.0716	1.0716
chr16_87	1000000	1000000	623414	0.623414	0.623414
chr16_88	1000000	1000000	1.03778e+06	1.03778	1.03778
chr16_89	1032802	1032802	939242	0.909412	0.909412
chr16_90	1000000	1000000	1.13891e+06	1.13891	1.13891
chr17_3	1000000	1000000	1.20534e+06	1.20534	1.20534
chr17_4	1000000	1000000	843941	0.843941	0.843941
chr17_5	1000001	1000001	1.33619e+06	1.33619	1.33619
chr17_6	1000025	1000025	747639	0.74762	0.74762
chr17_7	999999	999999	733418	0.733419	0.733419
chr17_8	999999	999999	1.44228e+06	1.44228	1.44228
chr17_9	999999	999999	1.12957e+06	1.12957	1.12957
chr17_10	1000000	1000000	845056	0.845056	0.845056
chr17_11	1000000	1000000	831204	0.831204	0.831204
chr17_12	1000000	1000000	571968	0.571968	0.571968
chr17_13	1000000	1000000	561001	0.561001	0.561001
chr17_14	1000000	1000000	459491	0.459491	0.459491
chr17_15	1000000	1000000	452204	0.452204	0.452204
chr17_16	999997	999997	696363	0.696365	0.696365
chr17_17	1000000	1000000	822027	0.822027	0.822027
chr17_18	1000000	1000000	1.80885e+06	1.80885	1.80885
chr17_19	999999	999999	631930	0.63193	0.63193
chr17_21	1000000	1000000	681228	0.681228	0.681228
chr17_28	1000000	1000000	974380	0.97438	0.97438
chr17_29	999992	999992	1.20345e+06	1.20346	1.20346
chr17_30	1000000	1000000	1.32685e+06	1.32685	1.32685
chr17_31	1000000	1000000	731810	0.73181	0.73181
chr17_32	1000001	1000001	1.01471e+06	1.0147	1.0147
chr17_33	999999	999999	1.03141e+06	1.03142	1.03142
chr17_34	1000001	1000001	663713	0.663713	0.663713
chr17_35	1000000	1000000	678450	0.67845	0.67845
chr17_36	1000017	1000017	889316	0.889301	0.889301
chr17_38	993081	993081	736018	0.741146	0.741146
chr17_40	1000000	1000000	1.0238e+06	1.0238	1.0238
chr17_41	999999	999999	1.21315e+06	1.21315	1.21315
chr17_42	995766	995766	800082	0.803484	0.803484
chr17_43	999999	999999	1.2839e+06	1.2839	1.2839
chr17_45	1000000	1000000	1.0845e+06	1.0845	1.0845
chr17_47	1000000	1000000	259676	0.259676	0.259676
chr17_48	1000000	1000000	739575	0.739575	0.739575
chr17_49	999996	999996	700667	0.70067	0.70067
chr17_50	1000002	1000002	908596	0.908595	0.908595
chr17_51	999997	999997	1.32379e+06	1.3238	1.3238
chr17_52	999999	999999	911255	0.911256	0.911256
chr17_56	1000000	1000000	691023	0.691023	0.691023
chr17_57	1000000	1000000	561720	0.56172	0.56172
chr17_58	1000000	1000000	1.66459e+06	1.66459	1.66459
chr17_59	1000000	1000000	843425	0.843425	0.843425
chr17_60	1000000	1000000	1.10309e+06	1.10309	1.10309
chr17_61	1000000	1000000	845578	0.845578	0.845578
chr17_62	1000000	1000000	567334	0.567334	0.567334
chr17_63	1000000	1000000	641194	0.641194	0.641194
chr17_64	999999	999999	919814	0.919815	0.919815
chr17_66	1000000	1000000	858551	0.858551	0.858551
chr17_67	999998	999998	1.06984e+06	1.06984	1.06984
chr17_68	1000000	1000000	1.08834e+06	1.08834	1.08834
chr17_69	1000025	1000025	952916	0.952892	0.952892
chr17_70	1000000	1000000	550478	0.550478	0.550478
chr17_71	1000000	1000000	637678	0.637678	0.637678
chr17_72	1000000	1000000	491007	0.491007	0.491007
chr17_73	999998	999998	1.0358e+06	1.0358	1.0358
chr17_74	1000000	1000000	1.04015e+06	1.04015	1.04015
chr17_75	999956	999956	1.42405e+06	1.42411	1.42411
chr17_76	999986	999986	1.66561e+06	1.66563	1.66563
chr17_77	1000001	1000001	1.26052e+06	1.26052	1.26052
chr17_78	999999	999999	1.49949e+06	1.49949	1.49949
chr17_79	1000001	1000001	1.83165e+06	1.83165	1.83165
chr17_81	1000001	1000001	1.11634e+06	1.11633	1.11633
chr17_83	1000000	1000000	1.37221e+06	1.37221	1.37221
chr18_4	1000002	1000002	1.07421e+06	1.07421	1.07421
chr18_9	1000000	1000000	737305	0.737305	0.737305
chr18_10	999999	999999	937568	0.937569	0.937569
chr18_11	1000001	1000001	809200	0.8092	0.8092
chr18_12	1000001	1000001	613003	0.613002	0.613002
chr18_13	1000000	1000000	773310	0.77331	0.77331
chr18_14	1000000	1000000	1.04003e+06	1.04003	1.04003
chr18_24	1000001	1000001	1.01066e+06	1.01066	1.01066
chr18_25	1000000	1000000	862133	0.862133	0.862133
chr18_36	999999	999999	874994	0.874995	0.874995
chr18_37	1000000	1000000	703546	0.703546	0.703546
chr18_46	1000001	1000001	648498	0.648498	0.648498
chr18_49	999999	999999	1.28292e+06	1.28292	1.28292
chr18_50	1000000	1000000	715211	0.715211	0.715211
chr18_51	1000000	1000000	805963	0.805963	0.805963
chr18_56	1000000	1000000	1.13e+06	1.13	1.13
chr18_58	1000001	1000001	620881	0.62088	0.62088
chr18_59	1000000	1000000	1.00205e+06	1.00205	1.00205
chr18_60	1000000	1000000	573314	0.573314	0.573314
chr18_63	1000000	1000000	985790	0.98579	0.98579
chr18_76	999999	999999	646111	0.646111	0.646111
chr18_78	1000000	1000000	733340	0.73334	0.73334
chr19_2	1000000	1000000	1.64687e+06	1.64687	1.64687
chr19_3	999999	999999	1.53367e+06	1.53367	1.53367
chr19_4	1000000	1000000	1.38661e+06	1.38661	1.38661
chr19_5	1000013	1000013	1.35936e+06	1.35935	1.35935
chr19_6	1000000	1000000	1.09744e+06	1.09744	1.09744
chr19_7	1000000	1000000	896064	0.896064	0.896064
chr19_10	1000000	1000000	731935	0.731935	0.731935
chr19_11	1000000	1000000	1.27667e+06	1.27667	1.27667
chr19_12	1000139	1000139	1.08932e+06	1.08916	1.08916
chr19_13	999999	999999	1.03218e+06	1.03218	1.03218
chr19_14	999998	999998	1.56279e+06	1.5628	1.5628
chr19_15	1000000	1000000	1.11099e+06	1.11099	1.11099
chr19_16	999998	999998	733252	0.733253	0.733253
chr19_17	1000000	1000000	1.12263e+06	1.12263	1.12263
chr19_18	999999	999999	1.26053e+06	1.26053	1.26053
chr19_19	1000000	1000000	1.76246e+06	1.76246	1.76246
chr19_20	1000000	1000000	900471	0.900471	0.900471
chr19_22	999996	999996	522008	0.52201	0.52201
chr19_24	1000000	1000000	431614	0.431614	0.431614
chr19_29	1000000	1000000	496680	0.49668	0.49668
chr19_30	1000000	1000000	903805	0.903805	0.903805
chr19_31	999999	999999	975725	0.975726	0.975726
chr19_32	1000000	1000000	554812	0.554812	0.554812
chr19_33	1000000	1000000	649454	0.649454	0.649454
chr19_34	999999	999999	763381	0.763382	0.763382
chr19_36	999998	999998	1.2607e+06	1.2607	1.2607
chr19_39	1000000	1000000	1.33854e+06	1.33854	1.33854
chr19_40	1015267	1015267	1.05654e+06	1.04065	1.04065
chr19_41	999998	999998	1.14901e+06	1.14901	1.14901
chr19_42	998247	998247	769068	0.770419	0.770419
chr19_43	1000000	1000000	1.06519e+06	1.06519	1.06519
chr19_44	1000000	1000000	789360	0.78936	0.78936
chr19_46	1000000	1000000	1.24733e+06	1.24733	1.24733
chr19_47	999999	999999	1.26134e+06	1.26134	1.26134
chr19_49	1000000	1000000	1.24843e+06	1.24843	1.24843
chr19_50	1000000	1000000	1.14669e+06	1.14669	1.14669
chr19_52	999997	999997	760581	0.760584	0.760584
chr19_53	1000000	1000000	654257	0.654257	0.654257
chr19_54	1000001	1000001	708429	0.708428	0.708428
chr19_55	1008114	1008114	787156	0.78082	0.78082
chr19_56	999998	999998	1.04622e+06	1.04622	1.04622
chr19_57	1000002	1000002	795615	0.795613	0.795613
chr19_58	1000000	1000000	718252	0.718252	0.718252
chr20_2	1000003	1000003	1.19045e+06	1.19044	1.19044
chr20_3	1000000	1000000	857594	0.857594	0.857594
chr20_4	1000001	1000001	1.15525e+06	1.15525	1.15525
chr20_5	999999	999999	1.02473e+06	1.02473	1.02473
chr20_6	1000000	1000000	849998	0.849998	0.849998
chr20_18	999999	999999	790443	0.790444	0.790444
chr20_19	1000000	1000000	672894	0.672894	0.672894
chr20_20	1000000	1000000	896409	0.896409	0.896409
chr20_21	999997	999997	774933	0.774935	0.774935
chr20_22	999997	999997	650640	0.650642	0.650642
chr20_24	1000000	1000000	752370	0.75237	0.75237
chr20_25	999999	999999	919073	0.919074	0.919074
chr20_33	1000003	1000003	1.18236e+06	1.18236	1.18236
chr20_34	1000000	1000000	995878	0.995878	0.995878
chr20_35	999997	999997	1.2348e+06	1.23481	1.23481
chr20_36	1000119	1000119	971473	0.971357	0.971357
chr20_37	1040481	1040481	1.21266e+06	1.16548	1.16548
chr20_38	999999	999999	905021	0.905022	0.905022
chr20_39	1000241	1000241	1.13581e+06	1.13554	1.13554
chr20_40	999999	999999	513219	0.51322	0.51322
chr20_41	999998	999998	560717	0.560719	0.560719
chr20_42	1000000	1000000	1.11279e+06	1.11279	1.11279
chr20_43	1000000	1000000	684807	0.684807	0.684807
chr20_44	1000000	1000000	717876	0.717876	0.717876
chr20_45	1000001	1000001	1.01271e+06	1.01271	1.01271
chr20_46	999998	999998	991691	0.991693	0.991693
chr20_47	1000000	1000000	1.03342e+06	1.03342	1.03342
chr20_49	987793	987793	1.21452e+06	1.22953	1.22953
chr20_50	1000000	1000000	1.25556e+06	1.25556	1.25556
chr20_51	1000000	1000000	1.19113e+06	1.19113	1.19113
chr20_52	1000002	1000002	850204	0.850202	0.850202
chr20_53	1000000	1000000	525922	0.525922	0.525922
chr20_54	1000000	1000000	716350	0.71635	0.71635
chr20_55	1000000	1000000	530448	0.530448	0.530448
chr20_57	1000000	1000000	562178	0.562178	0.562178
chr20_58	1000000	1000000	948510	0.94851	0.94851
chr20_59	999999	999999	761365	0.761366	0.761366
chr20_60	1000000	1000000	1.07571e+06	1.07571	1.07571
chr20_61	1000001	1000001	524552	0.524552	0.524552
chr20_62	1000000	1000000	797237	0.797237	0.797237
chr20_63	1056296	1056296	1.11993e+06	1.06024	1.06024
chr20_64	1000001	1000001	1.17291e+06	1.17291	1.17291
chr21_32	999994	999994	950184	0.95019	0.95019
chr21_33	999995	999995	923263	0.923268	0.923268
chr21_34	999993	999993	1.12572e+06	1.12572	1.12572
chr21_35	999996	999996	800885	0.800888	0.800888
chr21_36	1000001	1000001	558334	0.558333	0.558333
chr21_37	1000002	1000002	898671	0.898669	0.898669
chr21_38	1000002	1000002	828047	0.828045	0.828045
chr21_39	999624	999624	677827	0.678082	0.678082
chr21_40	1000001	1000001	753134	0.753133	0.753133
chr21_41	999999	999999	636877	0.636877	0.636877
chr21_42	1048183	1048183	738103	0.704174	0.704174
chr21_43	1000001	1000001	1.04488e+06	1.04488	1.04488
chr21_45	1000034	1000034	1.25063e+06	1.25059	1.25059
chr21_46	999999	999999	855974	0.855974	0.855974
chr22_18	1001876	1001876	1.2787e+06	1.2763	1.2763
chr22_20	1000010	1000010	969719	0.969709	0.969709
chr22_23	987770	987770	489087	0.495142	0.495142
chr22_24	1000027	1000027	1.19828e+06	1.19825	1.19825
chr22_25	1053773	1053773	1.0002e+06	0.949157	0.949157
chr22_26	999999	999999	790048	0.790048	0.790048
chr22_27	999997	999997	884708	0.884711	0.884711
chr22_28	1000025	1000025	842898	0.842877	0.842877
chr22_29	1000000	1000000	842934	0.842934	0.842934
chr22_30	1000001	1000001	1.18819e+06	1.18819	1.18819
chr22_31	999997	999997	1.1572e+06	1.1572	1.1572
chr22_32	1000001	1000001	1.19234e+06	1.19234	1.19234
chr22_33	999998	999998	774067	0.774069	0.774069
chr22_34	1000004	1000004	817132	0.817128	0.817128
chr22_35	1000001	1000001	490794	0.490793	0.490793
chr22_36	1000058	1000058	902362	0.902309	0.902309
chr22_37	999993	999993	1.11027e+06	1.11028	1.11028
chr22_38	999966	999966	1.35919e+06	1.35924	1.35924
chr22_39	999998	999998	1.69188e+06	1.69189	1.69189
chr22_40	999999	999999	1.23342e+06	1.23342	1.23342
chr22_41	1000000	1000000	1.03577e+06	1.03577	1.03577
chr22_42	1000000	1000000	1.76786e+06	1.76786	1.76786
chr22_43	1000002	1000002	1.16156e+06	1.16156	1.16156
chr22_44	999874	999874	899504	0.899617	0.899617
chr22_45	1000001	1000001	819083	0.819082	0.819082
chr22_46	999999	999999	970903	0.970904	0.970904
chr22_47	1000016	1000016	1.54038e+06	1.54036	1.54036
chr22_48	999853	999853	601644	0.601733	0.601733
chr22_49	1000063	1000063	904760	0.904703	0.904703
